# Title:27-mer spectra for: SRR2976616.fastq.gz
# XLabel:27-mer frequency
# YLabel:# distinct 27-mers
# Kmer value:27
# Input 1:data/SRR2976616.fastq.gz
###
1 584548
2 133434
3 59732
4 46415
5 33054
6 28222
7 22179
8 19277
9 15742
10 13581
11 10860
12 8985
13 7944
14 7069
15 5851
16 5114
17 4433
18 3598
19 3410
20 2632
21 2069
22 2011
23 1584
24 1307
25 1114
26 1011
27 863
28 692
29 509
30 484
31 438
32 344
33 282
34 304
35 241
36 202
37 200
38 143
39 95
40 66
41 62
42 61
43 32
44 45
45 44
46 56
47 60
48 38
49 41
50 34
51 13
52 28
53 11
54 13
55 15
56 12
57 17
58 9
59 9
60 4
61 6
62 2
63 4
64 1
65 1
66 1
67 4
68 0
69 0
70 1
71 0
72 0
73 1
74 1
75 0
76 1
77 2
78 0
79 1
80 0
81 1
82 0
83 0
84 0
85 0
86 0
87 0
88 0
89 0
90 0
91 0
92 0
93 0
94 1
95 2
96 1
97 0
98 0
99 0
100 1
101 1
102 0
103 0
104 0
105 0
106 0
107 0
108 0
109 0
110 0
111 0
112 0
113 0
114 0
115 0
116 0
117 0
118 1
119 1
120 0
121 0
122 0
123 0
124 0
125 0
126 0
127 0
128 0
129 1
130 0
131 0
132 0
133 0
134 0
135 0
136 0
137 0
138 0
139 0
140 0
141 1
142 1
143 0
144 0
145 0
146 0
147 1
148 2
149 1
150 2
151 3
152 0
153 0
154 1
155 0
156 0
157 2
158 0
159 1
160 0
161 1
162 0
163 4
164 0
165 0
166 0
167 0
168 1
169 2
170 1
171 4
172 2
173 2
174 2
175 0
176 0
177 0
178 0
179 2
180 0
181 1
182 0
183 0
184 0
185 0
186 1
187 0
188 0
189 0
190 0
191 0
192 0
193 0
194 0
195 1
196 0
197 0
198 0
199 0
200 1
201 1
202 0
203 0
204 0
205 0
206 0
207 0
208 0
209 0
210 0
211 0
212 0
213 0
214 2
215 1
216 0
217 2
218 0
219 0
220 0
221 1
222 0
223 0
224 0
225 0
226 0
227 0
228 0
229 1
230 0
231 0
232 0
233 1
234 0
235 0
236 0
237 0
238 0
239 0
240 0
241 0
242 0
243 0
244 0
245 0
246 0
247 0
248 0
249 1
250 0
251 0
252 2
253 2
254 0
255 1
256 0
257 2
258 1
259 0
260 0
261 0
262 1
263 1
264 2
265 1
266 1
267 1
268 2
269 2
270 2
271 2
272 1
273 0
274 1
275 1
276 7
277 1
278 2
279 0
280 1
281 0
282 0
283 1
284 1
285 0
286 1
287 0
288 0
289 1
290 0
291 0
292 0
293 0
294 0
295 0
296 1
297 0
298 0
299 0
300 0
301 0
302 0
303 0
304 0
305 1
306 0
307 0
308 0
309 1
310 0
311 2
312 0
313 0
314 0
315 0
316 1
317 0
318 0
319 0
320 0
321 0
322 0
323 0
324 0
325 0
326 0
327 1
328 0
329 0
330 1
331 1
332 0
333 0
334 0
335 1
336 0
337 0
338 0
339 0
340 1
341 0
342 0
343 0
344 0
345 0
346 0
347 0
348 0
349 0
350 0
351 0
352 0
353 0
354 0
355 0
356 0
357 0
358 0
359 0
360 0
361 0
362 0
363 0
364 0
365 0
366 0
367 0
368 0
369 0
370 0
371 0
372 0
373 0
374 0
375 0
376 0
377 0
378 0
379 0
380 0
381 0
382 0
383 0
384 0
385 0
386 0
387 0
388 0
389 0
390 0
391 0
392 0
393 0
394 0
395 0
396 0
397 0
398 0
399 0
400 0
401 0
402 0
403 0
404 0
405 0
406 0
407 0
408 0
409 0
410 0
411 0
412 0
413 0
414 0
415 0
416 0
417 0
418 0
419 0
420 0
421 0
422 0
423 0
424 0
425 0
426 0
427 0
428 0
429 1
430 0
431 0
432 0
433 0
434 0
435 0
436 0
437 0
438 0
439 0
440 0
441 0
442 0
443 0
444 0
445 0
446 0
447 0
448 0
449 0
450 0
451 0
452 0
453 0
454 0
455 0
456 0
457 0
458 0
459 0
460 0
461 0
462 0
463 0
464 0
465 0
466 0
467 0
468 0
469 0
470 0
471 0
472 0
473 0
474 0
475 0
476 0
477 0
478 0
479 0
480 0
481 0
482 0
483 0
484 0
485 0
486 0
487 0
488 0
489 0
490 0
491 0
492 0
493 0
494 0
495 0
496 0
497 0
498 0
499 0
500 0
501 0
502 0
503 0
504 0
505 0
506 0
507 0
508 0
509 0
510 0
511 0
512 0
513 0
514 0
515 0
516 0
517 0
518 0
519 0
520 0
521 0
522 0
523 0
524 0
525 0
526 0
527 0
528 0
529 0
530 0
531 0
532 0
533 0
534 0
535 0
536 0
537 0
538 0
539 0
540 0
541 0
542 0
543 0
544 0
545 0
546 0
547 0
548 0
549 0
550 0
551 0
552 0
553 0
554 0
555 0
556 0
557 0
558 0
559 0
560 0
561 0
562 0
563 0
564 0
565 0
566 0
567 0
568 0
569 0
570 0
571 0
572 0
573 0
574 0
575 0
576 0
577 0
578 0
579 0
580 0
581 0
582 0
583 0
584 0
585 0
586 0
587 0
588 0
589 0
590 0
591 0
592 0
593 0
594 0
595 0
596 0
597 0
598 0
599 0
600 0
601 0
602 0
603 0
604 0
605 0
606 0
607 0
608 0
609 0
610 0
611 0
612 0
613 0
614 0
615 0
616 0
617 0
618 0
619 0
620 0
621 0
622 0
623 0
624 0
625 0
626 0
627 0
628 0
629 0
630 0
631 0
632 0
633 0
634 0
635 0
636 0
637 0
638 0
639 0
640 0
641 0
642 0
643 0
644 0
645 0
646 0
647 0
648 0
649 0
650 0
651 0
652 0
653 0
654 0
655 0
656 0
657 0
658 0
659 0
660 0
661 0
662 0
663 0
664 0
665 0
666 0
667 0
668 0
669 0
670 0
671 0
672 0
673 0
674 0
675 0
676 0
677 0
678 0
679 0
680 0
681 0
682 0
683 0
684 0
685 0
686 0
687 0
688 0
689 0
690 0
691 0
692 0
693 0
694 0
695 0
696 0
697 0
698 0
699 0
700 0
701 0
702 0
703 0
704 0
705 0
706 0
707 0
708 0
709 0
710 0
711 0
712 0
713 0
714 0
715 0
716 0
717 0
718 0
719 0
720 0
721 0
722 0
723 0
724 0
725 0
726 0
727 0
728 0
729 0
730 0
731 0
732 0
733 0
734 0
735 0
736 0
737 0
738 0
739 0
740 0
741 0
742 0
743 0
744 0
745 0
746 0
747 0
748 0
749 0
750 0
751 0
752 0
753 0
754 0
755 0
756 0
757 0
758 0
759 0
760 0
761 0
762 0
763 0
764 0
765 0
766 0
767 0
768 0
769 0
770 0
771 0
772 0
773 0
774 0
775 0
776 0
777 0
778 0
779 0
780 0
781 0
782 0
783 0
784 0
785 0
786 0
787 0
788 0
789 0
790 0
791 0
792 0
793 0
794 0
795 0
796 0
797 0
798 0
799 0
800 0
801 0
802 0
803 0
804 0
805 0
806 0
807 0
808 0
809 0
810 0
811 0
812 0
813 0
814 0
815 0
816 0
817 0
818 0
819 0
820 0
821 0
822 0
823 0
824 0
825 0
826 0
827 0
828 0
829 0
830 0
831 0
832 0
833 0
834 0
835 0
836 0
837 0
838 0
839 0
840 0
841 0
842 0
843 0
844 0
845 0
846 0
847 0
848 0
849 0
850 0
851 0
852 0
853 0
854 0
855 0
856 0
857 0
858 0
859 0
860 0
861 0
862 0
863 0
864 0
865 0
866 0
867 0
868 0
869 0
870 0
871 0
872 0
873 0
874 0
875 0
876 0
877 0
878 0
879 0
880 0
881 0
882 0
883 0
884 0
885 0
886 0
887 0
888 0
889 0
890 0
891 0
892 0
893 0
894 0
895 0
896 0
897 0
898 0
899 0
900 0
901 0
902 0
903 0
904 0
905 0
906 0
907 0
908 0
909 0
910 0
911 0
912 0
913 0
914 0
915 0
916 0
917 0
918 0
919 0
920 0
921 0
922 0
923 0
924 0
925 0
926 0
927 0
928 0
929 0
930 0
931 0
932 0
933 0
934 0
935 0
936 0
937 0
938 0
939 0
940 0
941 0
942 0
943 0
944 0
945 0
946 0
947 0
948 0
949 0
950 0
951 0
952 0
953 0
954 0
955 0
956 0
957 0
958 0
959 0
960 0
961 0
962 0
963 0
964 0
965 0
966 0
967 0
968 0
969 0
970 0
971 0
972 0
973 0
974 0
975 0
976 0
977 0
978 0
979 0
980 0
981 0
982 0
983 0
984 0
985 0
986 0
987 0
988 0
989 0
990 0
991 0
992 0
993 0
994 0
995 0
996 0
997 0
998 0
999 0
1000 0
1001 0
1002 0
1003 0
1004 0
1005 0
1006 0
1007 0
1008 0
1009 0
1010 0
1011 0
1012 0
1013 0
1014 0
1015 0
1016 0
1017 0
1018 0
1019 0
1020 0
1021 0
1022 0
1023 0
1024 0
1025 0
1026 0
1027 0
1028 0
1029 0
1030 0
1031 0
1032 0
1033 0
1034 0
1035 0
1036 0
1037 0
1038 0
1039 0
1040 0
1041 0
1042 0
1043 0
1044 0
1045 0
1046 0
1047 0
1048 0
1049 0
1050 0
1051 0
1052 0
1053 0
1054 0
1055 0
1056 0
1057 0
1058 0
1059 0
1060 0
1061 0
1062 0
1063 0
1064 0
1065 0
1066 0
1067 0
1068 0
1069 0
1070 0
1071 0
1072 0
1073 0
1074 0
1075 0
1076 0
1077 0
1078 0
1079 0
1080 0
1081 0
1082 0
1083 0
1084 0
1085 0
1086 0
1087 0
1088 0
1089 0
1090 0
1091 0
1092 0
1093 0
1094 0
1095 0
1096 0
1097 0
1098 0
1099 0
1100 0
1101 0
1102 0
1103 0
1104 0
1105 0
1106 0
1107 0
1108 0
1109 0
1110 0
1111 0
1112 0
1113 0
1114 0
1115 0
1116 0
1117 0
1118 0
1119 0
1120 0
1121 0
1122 0
1123 0
1124 0
1125 0
1126 0
1127 0
1128 0
1129 0
1130 0
1131 0
1132 0
1133 0
1134 0
1135 0
1136 0
1137 0
1138 0
1139 0
1140 0
1141 0
1142 0
1143 0
1144 0
1145 0
1146 0
1147 0
1148 0
1149 0
1150 0
1151 0
1152 0
1153 0
1154 0
1155 0
1156 0
1157 0
1158 0
1159 0
1160 0
1161 0
1162 0
1163 0
1164 0
1165 0
1166 0
1167 0
1168 0
1169 0
1170 0
1171 0
1172 0
1173 0
1174 0
1175 0
1176 0
1177 0
1178 0
1179 0
1180 0
1181 0
1182 0
1183 0
1184 0
1185 0
1186 0
1187 0
1188 0
1189 0
1190 0
1191 0
1192 0
1193 0
1194 0
1195 0
1196 0
1197 0
1198 0
1199 0
1200 0
1201 0
1202 0
1203 0
1204 0
1205 0
1206 0
1207 0
1208 0
1209 0
1210 0
1211 0
1212 0
1213 0
1214 0
1215 0
1216 0
1217 0
1218 0
1219 0
1220 0
1221 0
1222 0
1223 0
1224 0
1225 0
1226 0
1227 0
1228 0
1229 0
1230 0
1231 0
1232 0
1233 0
1234 0
1235 0
1236 0
1237 0
1238 0
1239 0
1240 0
1241 0
1242 0
1243 0
1244 0
1245 0
1246 0
1247 0
1248 0
1249 0
1250 0
1251 0
1252 0
1253 0
1254 0
1255 0
1256 0
1257 0
1258 0
1259 0
1260 0
1261 0
1262 0
1263 0
1264 0
1265 0
1266 0
1267 0
1268 0
1269 0
1270 0
1271 0
1272 0
1273 0
1274 0
1275 0
1276 0
1277 0
1278 0
1279 0
1280 0
1281 0
1282 0
1283 0
1284 0
1285 0
1286 0
1287 0
1288 0
1289 0
1290 0
1291 0
1292 0
1293 0
1294 0
1295 0
1296 0
1297 0
1298 0
1299 0
1300 0
1301 0
1302 0
1303 0
1304 0
1305 0
1306 0
1307 0
1308 0
1309 0
1310 0
1311 0
1312 0
1313 0
1314 0
1315 0
1316 0
1317 0
1318 0
1319 0
1320 0
1321 0
1322 0
1323 0
1324 0
1325 0
1326 0
1327 0
1328 0
1329 0
1330 0
1331 0
1332 0
1333 0
1334 0
1335 0
1336 0
1337 0
1338 0
1339 0
1340 0
1341 0
1342 0
1343 0
1344 0
1345 0
1346 0
1347 0
1348 0
1349 0
1350 0
1351 0
1352 0
1353 0
1354 0
1355 0
1356 0
1357 0
1358 0
1359 0
1360 0
1361 0
1362 0
1363 0
1364 0
1365 0
1366 0
1367 0
1368 0
1369 0
1370 0
1371 0
1372 0
1373 0
1374 0
1375 0
1376 0
1377 0
1378 0
1379 0
1380 0
1381 0
1382 0
1383 0
1384 0
1385 0
1386 0
1387 0
1388 0
1389 0
1390 0
1391 0
1392 0
1393 0
1394 0
1395 0
1396 0
1397 0
1398 0
1399 0
1400 0
1401 0
1402 0
1403 0
1404 0
1405 0
1406 0
1407 0
1408 0
1409 0
1410 0
1411 0
1412 0
1413 0
1414 0
1415 0
1416 0
1417 0
1418 0
1419 0
1420 0
1421 0
1422 0
1423 0
1424 0
1425 0
1426 0
1427 0
1428 0
1429 0
1430 0
1431 0
1432 0
1433 0
1434 0
1435 0
1436 0
1437 0
1438 0
1439 0
1440 0
1441 0
1442 0
1443 0
1444 0
1445 0
1446 0
1447 0
1448 0
1449 0
1450 0
1451 0
1452 0
1453 0
1454 0
1455 0
1456 0
1457 0
1458 0
1459 0
1460 0
1461 0
1462 0
1463 0
1464 0
1465 0
1466 0
1467 0
1468 0
1469 0
1470 0
1471 0
1472 0
1473 0
1474 0
1475 0
1476 0
1477 0
1478 0
1479 0
1480 0
1481 0
1482 0
1483 0
1484 0
1485 0
1486 0
1487 0
1488 0
1489 0
1490 0
1491 0
1492 0
1493 0
1494 0
1495 0
1496 0
1497 0
1498 0
1499 0
1500 0
1501 0
1502 0
1503 0
1504 0
1505 0
1506 0
1507 0
1508 0
1509 0
1510 0
1511 0
1512 0
1513 0
1514 0
1515 0
1516 0
1517 0
1518 0
1519 0
1520 0
1521 0
1522 0
1523 0
1524 0
1525 0
1526 0
1527 0
1528 0
1529 0
1530 0
1531 0
1532 0
1533 0
1534 0
1535 0
1536 0
1537 0
1538 0
1539 0
1540 0
1541 0
1542 0
1543 0
1544 0
1545 0
1546 0
1547 0
1548 0
1549 0
1550 0
1551 0
1552 0
1553 0
1554 0
1555 0
1556 0
1557 0
1558 0
1559 0
1560 0
1561 0
1562 0
1563 0
1564 0
1565 0
1566 0
1567 0
1568 0
1569 0
1570 0
1571 0
1572 0
1573 0
1574 0
1575 0
1576 0
1577 0
1578 0
1579 0
1580 0
1581 0
1582 0
1583 0
1584 0
1585 0
1586 0
1587 0
1588 0
1589 0
1590 0
1591 0
1592 0
1593 0
1594 0
1595 0
1596 0
1597 0
1598 0
1599 0
1600 0
1601 0
1602 0
1603 0
1604 0
1605 0
1606 0
1607 0
1608 0
1609 0
1610 0
1611 0
1612 0
1613 0
1614 0
1615 0
1616 0
1617 0
1618 0
1619 0
1620 0
1621 0
1622 0
1623 0
1624 0
1625 0
1626 0
1627 0
1628 0
1629 0
1630 0
1631 0
1632 0
1633 0
1634 0
1635 0
1636 0
1637 0
1638 0
1639 0
1640 0
1641 0
1642 0
1643 0
1644 0
1645 0
1646 0
1647 0
1648 0
1649 0
1650 0
1651 0
1652 0
1653 0
1654 0
1655 0
1656 0
1657 0
1658 0
1659 0
1660 0
1661 0
1662 0
1663 0
1664 0
1665 0
1666 0
1667 0
1668 0
1669 0
1670 0
1671 0
1672 0
1673 0
1674 0
1675 0
1676 0
1677 0
1678 0
1679 0
1680 0
1681 0
1682 0
1683 0
1684 0
1685 0
1686 0
1687 0
1688 0
1689 0
1690 0
1691 0
1692 0
1693 0
1694 0
1695 0
1696 0
1697 0
1698 0
1699 0
1700 0
1701 0
1702 0
1703 0
1704 0
1705 0
1706 0
1707 0
1708 0
1709 0
1710 0
1711 0
1712 0
1713 0
1714 0
1715 0
1716 0
1717 0
1718 0
1719 0
1720 0
1721 0
1722 0
1723 0
1724 0
1725 0
1726 0
1727 0
1728 0
1729 0
1730 0
1731 0
1732 0
1733 0
1734 0
1735 0
1736 0
1737 0
1738 0
1739 0
1740 0
1741 0
1742 0
1743 0
1744 0
1745 0
1746 0
1747 0
1748 0
1749 0
1750 0
1751 0
1752 0
1753 0
1754 0
1755 0
1756 0
1757 0
1758 0
1759 0
1760 0
1761 0
1762 0
1763 0
1764 0
1765 0
1766 0
1767 0
1768 0
1769 0
1770 0
1771 0
1772 0
1773 0
1774 0
1775 0
1776 0
1777 0
1778 0
1779 0
1780 0
1781 0
1782 0
1783 0
1784 0
1785 0
1786 0
1787 0
1788 0
1789 0
1790 0
1791 0
1792 0
1793 0
1794 0
1795 0
1796 0
1797 0
1798 0
1799 0
1800 0
1801 0
1802 0
1803 0
1804 0
1805 0
1806 0
1807 0
1808 0
1809 0
1810 0
1811 0
1812 0
1813 0
1814 0
1815 0
1816 0
1817 0
1818 0
1819 0
1820 0
1821 0
1822 0
1823 0
1824 0
1825 0
1826 0
1827 0
1828 0
1829 0
1830 0
1831 0
1832 0
1833 0
1834 0
1835 0
1836 0
1837 0
1838 0
1839 0
1840 0
1841 0
1842 0
1843 0
1844 0
1845 0
1846 0
1847 0
1848 0
1849 0
1850 0
1851 0
1852 0
1853 0
1854 0
1855 0
1856 0
1857 0
1858 0
1859 0
1860 0
1861 0
1862 0
1863 0
1864 0
1865 0
1866 0
1867 0
1868 0
1869 0
1870 0
1871 0
1872 0
1873 0
1874 0
1875 0
1876 0
1877 0
1878 0
1879 0
1880 0
1881 0
1882 0
1883 0
1884 0
1885 0
1886 0
1887 0
1888 0
1889 0
1890 0
1891 0
1892 0
1893 0
1894 0
1895 0
1896 0
1897 0
1898 0
1899 0
1900 0
1901 0
1902 0
1903 0
1904 0
1905 0
1906 0
1907 0
1908 0
1909 0
1910 0
1911 0
1912 0
1913 0
1914 0
1915 0
1916 0
1917 0
1918 0
1919 0
1920 0
1921 0
1922 0
1923 0
1924 0
1925 0
1926 0
1927 0
1928 0
1929 0
1930 0
1931 0
1932 0
1933 0
1934 0
1935 0
1936 0
1937 0
1938 0
1939 0
1940 0
1941 0
1942 0
1943 0
1944 0
1945 0
1946 0
1947 0
1948 0
1949 0
1950 0
1951 0
1952 0
1953 0
1954 0
1955 0
1956 0
1957 0
1958 0
1959 0
1960 0
1961 0
1962 0
1963 0
1964 0
1965 0
1966 0
1967 0
1968 0
1969 0
1970 0
1971 0
1972 0
1973 0
1974 0
1975 0
1976 0
1977 0
1978 0
1979 0
1980 0
1981 0
1982 0
1983 0
1984 0
1985 0
1986 0
1987 0
1988 0
1989 0
1990 0
1991 0
1992 0
1993 0
1994 0
1995 0
1996 0
1997 0
1998 0
1999 0
2000 0
2001 0
2002 0
2003 0
2004 0
2005 0
2006 0
2007 0
2008 0
2009 0
2010 0
2011 0
2012 0
2013 0
2014 0
2015 0
2016 0
2017 0
2018 0
2019 0
2020 0
2021 0
2022 0
2023 0
2024 0
2025 0
2026 0
2027 0
2028 0
2029 0
2030 0
2031 0
2032 0
2033 0
2034 0
2035 0
2036 0
2037 0
2038 0
2039 0
2040 0
2041 0
2042 0
2043 0
2044 0
2045 0
2046 0
2047 0
2048 0
2049 0
2050 0
2051 0
2052 0
2053 0
2054 0
2055 0
2056 0
2057 0
2058 0
2059 0
2060 0
2061 0
2062 0
2063 0
2064 0
2065 0
2066 0
2067 0
2068 0
2069 0
2070 0
2071 0
2072 0
2073 0
2074 0
2075 0
2076 0
2077 0
2078 0
2079 0
2080 0
2081 0
2082 0
2083 0
2084 0
2085 0
2086 0
2087 0
2088 0
2089 0
2090 0
2091 0
2092 0
2093 0
2094 0
2095 0
2096 0
2097 0
2098 0
2099 0
2100 0
2101 0
2102 0
2103 0
2104 0
2105 0
2106 0
2107 0
2108 0
2109 0
2110 0
2111 0
2112 0
2113 0
2114 0
2115 0
2116 0
2117 0
2118 0
2119 0
2120 0
2121 0
2122 0
2123 0
2124 0
2125 0
2126 0
2127 0
2128 0
2129 0
2130 0
2131 0
2132 0
2133 0
2134 0
2135 0
2136 0
2137 0
2138 0
2139 0
2140 0
2141 0
2142 0
2143 0
2144 0
2145 0
2146 0
2147 0
2148 0
2149 0
2150 0
2151 0
2152 0
2153 0
2154 0
2155 0
2156 0
2157 0
2158 0
2159 0
2160 0
2161 0
2162 0
2163 0
2164 0
2165 0
2166 0
2167 0
2168 0
2169 0
2170 0
2171 0
2172 0
2173 0
2174 0
2175 0
2176 1
2177 0
2178 0
2179 1
2180 0
2181 0
2182 0
2183 0
2184 0
2185 0
2186 0
2187 0
2188 0
2189 0
2190 0
2191 0
2192 0
2193 0
2194 0
2195 0
2196 1
2197 0
2198 0
2199 0
2200 0
2201 0
2202 0
2203 0
2204 0
2205 0
2206 0
2207 0
2208 0
2209 0
2210 0
2211 0
2212 0
2213 0
2214 0
2215 0
2216 0
2217 0
2218 0
2219 0
2220 0
2221 0
2222 0
2223 0
2224 0
2225 1
2226 0
2227 0
2228 0
2229 0
2230 0
2231 0
2232 0
2233 0
2234 1
2235 0
2236 0
2237 0
2238 0
2239 0
2240 0
2241 0
2242 0
2243 0
2244 0
2245 1
2246 0
2247 0
2248 0
2249 0
2250 0
2251 0
2252 0
2253 0
2254 0
2255 0
2256 0
2257 0
2258 0
2259 0
2260 1
2261 0
2262 0
2263 0
2264 0
2265 0
2266 0
2267 0
2268 0
2269 0
2270 0
2271 0
2272 0
2273 0
2274 0
2275 0
2276 0
2277 0
2278 0
2279 0
2280 0
2281 0
2282 0
2283 0
2284 0
2285 0
2286 0
2287 0
2288 0
2289 0
2290 0
2291 0
2292 0
2293 0
2294 0
2295 0
2296 0
2297 0
2298 0
2299 0
2300 0
2301 0
2302 0
2303 0
2304 0
2305 0
2306 0
2307 0
2308 0
2309 0
2310 0
2311 0
2312 0
2313 0
2314 0
2315 0
2316 0
2317 0
2318 0
2319 0
2320 0
2321 0
2322 0
2323 0
2324 0
2325 0
2326 0
2327 0
2328 0
2329 0
2330 0
2331 0
2332 0
2333 0
2334 0
2335 0
2336 0
2337 0
2338 0
2339 0
2340 0
2341 0
2342 0
2343 0
2344 0
2345 0
2346 0
2347 0
2348 0
2349 0
2350 0
2351 0
2352 0
2353 0
2354 0
2355 0
2356 0
2357 0
2358 0
2359 0
2360 0
2361 0
2362 0
2363 0
2364 0
2365 0
2366 0
2367 0
2368 0
2369 0
2370 0
2371 0
2372 0
2373 0
2374 0
2375 0
2376 0
2377 0
2378 0
2379 0
2380 0
2381 0
2382 0
2383 0
2384 1
2385 0
2386 0
2387 0
2388 1
2389 0
2390 0
2391 0
2392 0
2393 1
2394 0
2395 0
2396 0
2397 0
2398 0
2399 0
2400 0
2401 0
2402 0
2403 0
2404 0
2405 0
2406 0
2407 0
2408 1
2409 0
2410 0
2411 0
2412 0
2413 0
2414 0
2415 1
2416 0
2417 0
2418 0
2419 0
2420 0
2421 0
2422 0
2423 0
2424 0
2425 0
2426 0
2427 0
2428 0
2429 0
2430 0
2431 0
2432 0
2433 0
2434 0
2435 0
2436 0
2437 0
2438 0
2439 0
2440 0
2441 0
2442 0
2443 0
2444 0
2445 0
2446 0
2447 0
2448 0
2449 0
2450 0
2451 0
2452 0
2453 0
2454 0
2455 0
2456 0
2457 0
2458 0
2459 0
2460 0
2461 0
2462 0
2463 0
2464 0
2465 0
2466 0
2467 0
2468 0
2469 0
2470 0
2471 0
2472 0
2473 0
2474 0
2475 0
2476 0
2477 0
2478 0
2479 0
2480 0
2481 0
2482 0
2483 0
2484 0
2485 0
2486 0
2487 0
2488 0
2489 0
2490 0
2491 0
2492 0
2493 0
2494 0
2495 0
2496 0
2497 0
2498 0
2499 0
2500 0
2501 0
2502 0
2503 0
2504 0
2505 0
2506 0
2507 0
2508 0
2509 0
2510 0
2511 0
2512 0
2513 0
2514 0
2515 0
2516 2
2517 0
2518 0
2519 0
2520 0
2521 0
2522 0
2523 0
2524 0
2525 0
2526 0
2527 0
2528 0
2529 0
2530 0
2531 0
2532 0
2533 0
2534 0
2535 0
2536 0
2537 0
2538 0
2539 0
2540 0
2541 0
2542 0
2543 0
2544 0
2545 0
2546 0
2547 0
2548 0
2549 0
2550 0
2551 0
2552 0
2553 0
2554 0
2555 0
2556 0
2557 0
2558 0
2559 1
2560 0
2561 1
2562 0
2563 0
2564 1
2565 0
2566 0
2567 0
2568 0
2569 0
2570 0
2571 0
2572 0
2573 0
2574 0
2575 0
2576 0
2577 0
2578 0
2579 0
2580 1
2581 0
2582 0
2583 0
2584 0
2585 0
2586 0
2587 0
2588 0
2589 0
2590 0
2591 0
2592 0
2593 0
2594 0
2595 0
2596 0
2597 0
2598 0
2599 0
2600 0
2601 0
2602 0
2603 0
2604 0
2605 0
2606 0
2607 0
2608 0
2609 0
2610 0
2611 0
2612 0
2613 0
2614 1
2615 0
2616 0
2617 0
2618 0
2619 0
2620 0
2621 0
2622 0
2623 0
2624 0
2625 0
2626 0
2627 0
2628 0
2629 0
2630 0
2631 0
2632 0
2633 1
2634 0
2635 0
2636 0
2637 1
2638 0
2639 1
2640 0
2641 0
2642 0
2643 0
2644 0
2645 0
2646 0
2647 0
2648 1
2649 0
2650 0
2651 0
2652 0
2653 0
2654 0
2655 0
2656 0
2657 0
2658 0
2659 0
2660 0
2661 0
2662 0
2663 0
2664 0
2665 0
2666 0
2667 0
2668 0
2669 0
2670 0
2671 0
2672 0
2673 0
2674 0
2675 0
2676 0
2677 0
2678 0
2679 0
2680 0
2681 0
2682 0
2683 0
2684 0
2685 0
2686 0
2687 0
2688 0
2689 0
2690 0
2691 0
2692 0
2693 0
2694 1
2695 0
2696 0
2697 0
2698 0
2699 0
2700 0
2701 0
2702 0
2703 0
2704 0
2705 0
2706 0
2707 0
2708 0
2709 0
2710 0
2711 0
2712 0
2713 0
2714 0
2715 0
2716 0
2717 0
2718 0
2719 0
2720 0
2721 1
2722 0
2723 0
2724 0
2725 1
2726 0
2727 0
2728 0
2729 0
2730 0
2731 2
2732 0
2733 0
2734 0
2735 0
2736 0
2737 0
2738 1
2739 0
2740 0
2741 0
2742 0
2743 0
2744 0
2745 0
2746 0
2747 0
2748 0
2749 0
2750 2
2751 0
2752 0
2753 0
2754 0
2755 0
2756 0
2757 0
2758 0
2759 0
2760 0
2761 0
2762 0
2763 0
2764 0
2765 0
2766 0
2767 0
2768 0
2769 0
2770 1
2771 2
2772 0
2773 0
2774 0
2775 0
2776 1
2777 0
2778 0
2779 0
2780 1
2781 0
2782 0
2783 1
2784 0
2785 0
2786 0
2787 0
2788 0
2789 0
2790 0
2791 0
2792 0
2793 0
2794 0
2795 0
2796 0
2797 0
2798 0
2799 0
2800 0
2801 0
2802 0
2803 0
2804 0
2805 0
2806 0
2807 0
2808 0
2809 0
2810 0
2811 0
2812 0
2813 0
2814 0
2815 0
2816 0
2817 0
2818 0
2819 0
2820 0
2821 0
2822 0
2823 0
2824 0
2825 0
2826 0
2827 0
2828 0
2829 0
2830 0
2831 0
2832 0
2833 0
2834 0
2835 0
2836 0
2837 0
2838 0
2839 0
2840 0
2841 0
2842 0
2843 0
2844 0
2845 0
2846 0
2847 0
2848 0
2849 0
2850 0
2851 0
2852 0
2853 0
2854 0
2855 0
2856 0
2857 0
2858 0
2859 0
2860 0
2861 0
2862 0
2863 0
2864 0
2865 0
2866 0
2867 0
2868 0
2869 0
2870 0
2871 0
2872 0
2873 0
2874 0
2875 0
2876 0
2877 0
2878 0
2879 0
2880 0
2881 0
2882 0
2883 0
2884 0
2885 0
2886 0
2887 0
2888 0
2889 0
2890 0
2891 0
2892 0
2893 0
2894 0
2895 0
2896 0
2897 0
2898 0
2899 0
2900 0
2901 0
2902 0
2903 0
2904 0
2905 0
2906 0
2907 0
2908 0
2909 0
2910 1
2911 0
2912 0
2913 0
2914 0
2915 0
2916 0
2917 0
2918 0
2919 1
2920 0
2921 0
2922 0
2923 0
2924 0
2925 0
2926 0
2927 1
2928 0
2929 0
2930 0
2931 0
2932 0
2933 1
2934 0
2935 1
2936 0
2937 0
2938 0
2939 0
2940 0
2941 1
2942 0
2943 0
2944 0
2945 0
2946 0
2947 0
2948 1
2949 0
2950 0
2951 0
2952 0
2953 0
2954 0
2955 0
2956 0
2957 1
2958 0
2959 0
2960 0
2961 0
2962 0
2963 0
2964 0
2965 1
2966 0
2967 0
2968 0
2969 0
2970 0
2971 0
2972 0
2973 0
2974 0
2975 0
2976 1
2977 0
2978 0
2979 0
2980 0
2981 0
2982 1
2983 0
2984 0
2985 0
2986 0
2987 0
2988 1
2989 0
2990 0
2991 0
2992 0
2993 0
2994 0
2995 1
2996 0
2997 0
2998 0
2999 0
3000 0
3001 0
3002 0
3003 0
3004 0
3005 0
3006 0
3007 0
3008 1
3009 0
3010 1
3011 0
3012 0
3013 0
3014 0
3015 1
3016 0
3017 0
3018 0
3019 0
3020 0
3021 0
3022 0
3023 0
3024 0
3025 0
3026 1
3027 0
3028 0
3029 0
3030 0
3031 0
3032 0
3033 0
3034 0
3035 0
3036 0
3037 0
3038 0
3039 0
3040 0
3041 0
3042 0
3043 0
3044 0
3045 0
3046 1
3047 0
3048 0
3049 0
3050 0
3051 0
3052 0
3053 0
3054 0
3055 0
3056 0
3057 1
3058 0
3059 0
3060 0
3061 0
3062 0
3063 1
3064 0
3065 1
3066 0
3067 0
3068 0
3069 0
3070 0
3071 0
3072 0
3073 0
3074 0
3075 0
3076 0
3077 0
3078 0
3079 1
3080 0
3081 0
3082 0
3083 1
3084 0
3085 0
3086 0
3087 0
3088 0
3089 1
3090 0
3091 1
3092 0
3093 0
3094 0
3095 0
3096 0
3097 0
3098 0
3099 1
3100 0
3101 0
3102 0
3103 0
3104 0
3105 0
3106 1
3107 0
3108 0
3109 0
3110 0
3111 0
3112 0
3113 0
3114 0
3115 0
3116 0
3117 0
3118 0
3119 0
3120 1
3121 0
3122 1
3123 0
3124 0
3125 0
3126 0
3127 0
3128 0
3129 2
3130 1
3131 0
3132 1
3133 1
3134 0
3135 0
3136 1
3137 0
3138 0
3139 0
3140 0
3141 0
3142 0
3143 1
3144 0
3145 1
3146 0
3147 1
3148 0
3149 0
3150 0
3151 0
3152 0
3153 0
3154 0
3155 0
3156 0
3157 0
3158 0
3159 0
3160 0
3161 0
3162 0
3163 0
3164 0
3165 0
3166 0
3167 0
3168 0
3169 0
3170 0
3171 0
3172 0
3173 0
3174 0
3175 0
3176 0
3177 0
3178 0
3179 0
3180 0
3181 0
3182 0
3183 0
3184 0
3185 0
3186 0
3187 0
3188 0
3189 0
3190 0
3191 0
3192 0
3193 0
3194 0
3195 0
3196 0
3197 0
3198 0
3199 0
3200 0
3201 0
3202 0
3203 0
3204 0
3205 0
3206 0
3207 0
3208 0
3209 0
3210 0
3211 0
3212 0
3213 0
3214 0
3215 0
3216 0
3217 0
3218 0
3219 0
3220 0
3221 0
3222 0
3223 0
3224 0
3225 0
3226 0
3227 0
3228 0
3229 0
3230 0
3231 0
3232 0
3233 0
3234 0
3235 0
3236 1
3237 0
3238 0
3239 0
3240 0
3241 1
3242 0
3243 0
3244 0
3245 1
3246 0
3247 0
3248 0
3249 1
3250 0
3251 0
3252 0
3253 0
3254 1
3255 0
3256 0
3257 0
3258 0
3259 1
3260 0
3261 1
3262 1
3263 0
3264 0
3265 0
3266 0
3267 0
3268 0
3269 1
3270 1
3271 1
3272 0
3273 1
3274 0
3275 0
3276 0
3277 1
3278 0
3279 0
3280 0
3281 0
3282 0
3283 1
3284 1
3285 0
3286 0
3287 0
3288 0
3289 2
3290 0
3291 1
3292 0
3293 0
3294 0
3295 0
3296 0
3297 0
3298 0
3299 0
3300 0
3301 0
3302 0
3303 0
3304 0
3305 1
3306 0
3307 0
3308 0
3309 0
3310 0
3311 1
3312 1
3313 0
3314 0
3315 0
3316 0
3317 0
3318 0
3319 0
3320 0
3321 0
3322 0
3323 0
3324 1
3325 0
3326 1
3327 0
3328 0
3329 0
3330 0
3331 1
3332 0
3333 0
3334 1
3335 0
3336 0
3337 0
3338 0
3339 0
3340 0
3341 1
3342 0
3343 1
3344 0
3345 0
3346 0
3347 1
3348 0
3349 0
3350 0
3351 0
3352 0
3353 0
3354 1
3355 0
3356 0
3357 0
3358 0
3359 0
3360 0
3361 0
3362 0
3363 0
3364 0
3365 0
3366 0
3367 0
3368 0
3369 0
3370 0
3371 0
3372 0
3373 0
3374 0
3375 0
3376 0
3377 0
3378 0
3379 0
3380 0
3381 0
3382 0
3383 0
3384 0
3385 0
3386 0
3387 0
3388 0
3389 0
3390 0
3391 0
3392 1
3393 0
3394 0
3395 0
3396 0
3397 0
3398 0
3399 0
3400 0
3401 0
3402 0
3403 0
3404 0
3405 0
3406 0
3407 0
3408 0
3409 0
3410 0
3411 0
3412 0
3413 1
3414 0
3415 0
3416 0
3417 0
3418 0
3419 0
3420 0
3421 0
3422 0
3423 0
3424 0
3425 0
3426 0
3427 0
3428 0
3429 0
3430 0
3431 0
3432 0
3433 0
3434 0
3435 0
3436 0
3437 0
3438 0
3439 0
3440 0
3441 0
3442 0
3443 0
3444 0
3445 0
3446 0
3447 0
3448 1
3449 0
3450 0
3451 0
3452 0
3453 0
3454 0
3455 0
3456 0
3457 0
3458 0
3459 0
3460 0
3461 0
3462 0
3463 1
3464 0
3465 0
3466 0
3467 0
3468 0
3469 0
3470 0
3471 0
3472 0
3473 0
3474 0
3475 0
3476 1
3477 1
3478 0
3479 0
3480 1
3481 0
3482 0
3483 0
3484 0
3485 0
3486 0
3487 0
3488 0
3489 0
3490 0
3491 0
3492 0
3493 0
3494 0
3495 0
3496 0
3497 0
3498 0
3499 0
3500 0
3501 0
3502 1
3503 0
3504 0
3505 0
3506 0
3507 1
3508 0
3509 0
3510 0
3511 0
3512 0
3513 0
3514 0
3515 0
3516 0
3517 0
3518 0
3519 0
3520 0
3521 0
3522 0
3523 0
3524 0
3525 1
3526 0
3527 0
3528 1
3529 1
3530 0
3531 0
3532 0
3533 1
3534 0
3535 1
3536 0
3537 1
3538 0
3539 0
3540 0
3541 0
3542 0
3543 0
3544 0
3545 1
3546 0
3547 0
3548 0
3549 0
3550 1
3551 0
3552 0
3553 0
3554 0
3555 0
3556 0
3557 0
3558 0
3559 1
3560 0
3561 0
3562 0
3563 0
3564 1
3565 0
3566 0
3567 0
3568 0
3569 0
3570 1
3571 0
3572 0
3573 0
3574 0
3575 0
3576 0
3577 0
3578 0
3579 0
3580 0
3581 2
3582 0
3583 0
3584 1
3585 0
3586 1
3587 0
3588 0
3589 0
3590 1
3591 0
3592 0
3593 0
3594 0
3595 0
3596 0
3597 0
3598 0
3599 0
3600 1
3601 0
3602 0
3603 0
3604 1
3605 0
3606 0
3607 1
3608 0
3609 1
3610 1
3611 0
3612 0
3613 0
3614 1
3615 0
3616 0
3617 0
3618 1
3619 0
3620 0
3621 0
3622 0
3623 0
3624 0
3625 1
3626 0
3627 0
3628 0
3629 0
3630 0
3631 0
3632 0
3633 1
3634 0
3635 0
3636 0
3637 0
3638 0
3639 0
3640 0
3641 0
3642 0
3643 0
3644 0
3645 0
3646 0
3647 0
3648 0
3649 0
3650 0
3651 0
3652 0
3653 0
3654 0
3655 0
3656 0
3657 0
3658 0
3659 0
3660 0
3661 0
3662 0
3663 0
3664 0
3665 0
3666 0
3667 0
3668 0
3669 0
3670 0
3671 0
3672 0
3673 0
3674 0
3675 0
3676 0
3677 0
3678 0
3679 0
3680 0
3681 0
3682 1
3683 0
3684 1
3685 0
3686 0
3687 0
3688 0
3689 1
3690 0
3691 0
3692 0
3693 0
3694 0
3695 1
3696 0
3697 0
3698 0
3699 0
3700 0
3701 0
3702 0
3703 0
3704 0
3705 0
3706 1
3707 0
3708 0
3709 0
3710 0
3711 1
3712 0
3713 0
3714 1
3715 1
3716 1
3717 1
3718 0
3719 0
3720 0
3721 1
3722 0
3723 0
3724 0
3725 0
3726 1
3727 0
3728 0
3729 0
3730 0
3731 0
3732 0
3733 0
3734 0
3735 0
3736 0
3737 0
3738 0
3739 0
3740 1
3741 0
3742 0
3743 0
3744 0
3745 0
3746 0
3747 1
3748 0
3749 0
3750 0
3751 0
3752 0
3753 0
3754 0
3755 0
3756 0
3757 0
3758 0
3759 0
3760 0
3761 0
3762 0
3763 0
3764 0
3765 0
3766 0
3767 0
3768 0
3769 0
3770 0
3771 0
3772 0
3773 0
3774 0
3775 0
3776 0
3777 0
3778 1
3779 0
3780 0
3781 0
3782 0
3783 0
3784 0
3785 0
3786 0
3787 0
3788 0
3789 0
3790 0
3791 0
3792 0
3793 0
3794 0
3795 0
3796 1
3797 0
3798 0
3799 0
3800 0
3801 0
3802 0
3803 0
3804 0
3805 0
3806 0
3807 0
3808 0
3809 1
3810 0
3811 0
3812 0
3813 0
3814 1
3815 1
3816 0
3817 0
3818 0
3819 0
3820 0
3821 0
3822 0
3823 0
3824 0
3825 1
3826 0
3827 0
3828 0
3829 0
3830 0
3831 0
3832 0
3833 1
3834 0
3835 0
3836 0
3837 0
3838 0
3839 0
3840 0
3841 1
3842 0
3843 1
3844 0
3845 0
3846 0
3847 0
3848 0
3849 1
3850 0
3851 1
3852 1
3853 0
3854 0
3855 0
3856 0
3857 0
3858 0
3859 0
3860 0
3861 0
3862 0
3863 0
3864 0
3865 0
3866 1
3867 1
3868 1
3869 0
3870 0
3871 2
3872 0
3873 0
3874 0
3875 0
3876 1
3877 0
3878 0
3879 0
3880 1
3881 0
3882 0
3883 0
3884 0
3885 0
3886 0
3887 0
3888 0
3889 0
3890 0
3891 0
3892 0
3893 0
3894 0
3895 0
3896 0
3897 0
3898 0
3899 0
3900 0
3901 0
3902 0
3903 0
3904 0
3905 0
3906 0
3907 0
3908 0
3909 0
3910 0
3911 0
3912 0
3913 0
3914 0
3915 0
3916 0
3917 0
3918 0
3919 0
3920 0
3921 0
3922 0
3923 0
3924 0
3925 0
3926 0
3927 0
3928 0
3929 0
3930 0
3931 0
3932 0
3933 0
3934 0
3935 0
3936 0
3937 0
3938 0
3939 0
3940 0
3941 0
3942 0
3943 0
3944 0
3945 0
3946 0
3947 0
3948 0
3949 1
3950 0
3951 0
3952 0
3953 0
3954 0
3955 0
3956 0
3957 0
3958 0
3959 0
3960 0
3961 0
3962 0
3963 0
3964 0
3965 0
3966 0
3967 0
3968 0
3969 0
3970 0
3971 0
3972 1
3973 0
3974 0
3975 0
3976 0
3977 1
3978 0
3979 0
3980 0
3981 0
3982 0
3983 0
3984 0
3985 0
3986 0
3987 0
3988 0
3989 0
3990 0
3991 1
3992 0
3993 0
3994 0
3995 0
3996 1
3997 0
3998 0
3999 0
4000 0
4001 1
4002 0
4003 0
4004 0
4005 0
4006 0
4007 0
4008 0
4009 0
4010 0
4011 0
4012 0
4013 0
4014 0
4015 0
4016 0
4017 0
4018 0
4019 0
4020 0
4021 0
4022 0
4023 0
4024 0
4025 0
4026 0
4027 1
4028 0
4029 0
4030 0
4031 0
4032 1
4033 0
4034 0
4035 0
4036 0
4037 0
4038 1
4039 0
4040 1
4041 0
4042 0
4043 0
4044 0
4045 1
4046 0
4047 0
4048 0
4049 0
4050 0
4051 0
4052 0
4053 1
4054 0
4055 0
4056 0
4057 0
4058 0
4059 0
4060 0
4061 0
4062 0
4063 0
4064 0
4065 0
4066 0
4067 0
4068 0
4069 0
4070 0
4071 0
4072 0
4073 0
4074 0
4075 0
4076 0
4077 0
4078 0
4079 2
4080 1
4081 1
4082 0
4083 1
4084 0
4085 0
4086 0
4087 0
4088 0
4089 0
4090 0
4091 0
4092 0
4093 0
4094 0
4095 0
4096 1
4097 0
4098 0
4099 0
4100 0
4101 0
4102 0
4103 0
4104 0
4105 0
4106 0
4107 0
4108 2
4109 1
4110 0
4111 0
4112 0
4113 2
4114 0
4115 0
4116 0
4117 0
4118 0
4119 0
4120 0
4121 0
4122 0
4123 0
4124 0
4125 0
4126 0
4127 0
4128 0
4129 0
4130 2
4131 0
4132 1
4133 1
4134 1
4135 1
4136 0
4137 0
4138 0
4139 1
4140 0
4141 0
4142 2
4143 1
4144 1
4145 0
4146 0
4147 1
4148 1
4149 1
4150 0
4151 0
4152 0
4153 0
4154 0
4155 0
4156 0
4157 0
4158 0
4159 0
4160 0
4161 0
4162 0
4163 0
4164 0
4165 0
4166 0
4167 2
4168 0
4169 0
4170 2
4171 0
4172 0
4173 0
4174 0
4175 0
4176 0
4177 0
4178 0
4179 2
4180 0
4181 0
4182 0
4183 0
4184 0
4185 0
4186 0
4187 0
4188 0
4189 0
4190 0
4191 0
4192 0
4193 0
4194 0
4195 0
4196 0
4197 0
4198 2
4199 0
4200 0
4201 1
4202 1
4203 0
4204 0
4205 0
4206 0
4207 0
4208 0
4209 0
4210 0
4211 0
4212 0
4213 0
4214 1
4215 0
4216 0
4217 0
4218 0
4219 0
4220 1
4221 0
4222 0
4223 0
4224 0
4225 0
4226 0
4227 0
4228 0
4229 0
4230 0
4231 0
4232 2
4233 0
4234 0
4235 0
4236 0
4237 0
4238 0
4239 0
4240 0
4241 0
4242 1
4243 0
4244 0
4245 0
4246 0
4247 0
4248 0
4249 0
4250 0
4251 0
4252 0
4253 0
4254 0
4255 0
4256 0
4257 0
4258 1
4259 0
4260 0
4261 0
4262 0
4263 0
4264 0
4265 0
4266 0
4267 0
4268 0
4269 0
4270 0
4271 0
4272 1
4273 0
4274 1
4275 0
4276 1
4277 0
4278 0
4279 0
4280 0
4281 0
4282 0
4283 0
4284 0
4285 0
4286 1
4287 2
4288 2
4289 0
4290 1
4291 0
4292 0
4293 1
4294 1
4295 0
4296 0
4297 0
4298 0
4299 1
4300 1
4301 0
4302 0
4303 0
4304 1
4305 0
4306 0
4307 0
4308 1
4309 0
4310 0
4311 1
4312 0
4313 1
4314 0
4315 0
4316 1
4317 0
4318 0
4319 0
4320 1
4321 0
4322 0
4323 0
4324 0
4325 0
4326 1
4327 0
4328 0
4329 0
4330 0
4331 1
4332 0
4333 0
4334 0
4335 0
4336 0
4337 0
4338 0
4339 0
4340 0
4341 1
4342 0
4343 0
4344 0
4345 0
4346 0
4347 0
4348 0
4349 0
4350 0
4351 0
4352 0
4353 0
4354 0
4355 1
4356 0
4357 1
4358 0
4359 1
4360 0
4361 0
4362 0
4363 0
4364 0
4365 0
4366 2
4367 1
4368 0
4369 0
4370 0
4371 0
4372 0
4373 0
4374 0
4375 1
4376 0
4377 0
4378 0
4379 1
4380 1
4381 0
4382 0
4383 0
4384 1
4385 0
4386 0
4387 0
4388 2
4389 1
4390 0
4391 1
4392 1
4393 1
4394 0
4395 0
4396 0
4397 0
4398 1
4399 0
4400 0
4401 0
4402 0
4403 0
4404 0
4405 0
4406 1
4407 0
4408 0
4409 0
4410 1
4411 0
4412 1
4413 1
4414 0
4415 0
4416 0
4417 0
4418 1
4419 1
4420 0
4421 0
4422 0
4423 0
4424 0
4425 0
4426 0
4427 0
4428 0
4429 0
4430 0
4431 1
4432 0
4433 0
4434 0
4435 1
4436 0
4437 0
4438 0
4439 0
4440 0
4441 0
4442 1
4443 0
4444 1
4445 0
4446 1
4447 0
4448 0
4449 0
4450 0
4451 0
4452 1
4453 1
4454 1
4455 0
4456 1
4457 0
4458 0
4459 1
4460 0
4461 1
4462 0
4463 0
4464 0
4465 1
4466 0
4467 1
4468 1
4469 0
4470 0
4471 0
4472 0
4473 0
4474 3
4475 0
4476 0
4477 2
4478 0
4479 0
4480 1
4481 1
4482 2
4483 0
4484 0
4485 2
4486 0
4487 0
4488 0
4489 0
4490 0
4491 3
4492 0
4493 0
4494 0
4495 0
4496 2
4497 0
4498 0
4499 0
4500 0
4501 0
4502 1
4503 0
4504 0
4505 0
4506 0
4507 0
4508 1
4509 0
4510 0
4511 1
4512 1
4513 1
4514 0
4515 0
4516 0
4517 0
4518 0
4519 1
4520 1
4521 0
4522 0
4523 0
4524 0
4525 0
4526 0
4527 0
4528 0
4529 0
4530 0
4531 1
4532 0
4533 0
4534 1
4535 1
4536 0
4537 0
4538 1
4539 0
4540 0
4541 1
4542 2
4543 1
4544 1
4545 0
4546 0
4547 2
4548 0
4549 0
4550 1
4551 2
4552 0
4553 2
4554 2
4555 0
4556 0
4557 0
4558 0
4559 0
4560 1
4561 0
4562 1
4563 1
4564 0
4565 1
4566 1
4567 0
4568 0
4569 1
4570 0
4571 0
4572 0
4573 0
4574 0
4575 1
4576 0
4577 0
4578 0
4579 0
4580 1
4581 0
4582 1
4583 0
4584 1
4585 0
4586 0
4587 0
4588 1
4589 0
4590 0
4591 1
4592 0
4593 0
4594 0
4595 0
4596 0
4597 0
4598 0
4599 1
4600 0
4601 0
4602 0
4603 0
4604 0
4605 1
4606 1
4607 0
4608 0
4609 0
4610 0
4611 1
4612 0
4613 0
4614 0
4615 0
4616 1
4617 1
4618 1
4619 0
4620 1
4621 0
4622 0
4623 0
4624 0
4625 1
4626 3
4627 0
4628 1
4629 0
4630 1
4631 1
4632 0
4633 0
4634 0
4635 1
4636 0
4637 0
4638 1
4639 0
4640 1
4641 1
4642 1
4643 0
4644 0
4645 0
4646 0
4647 0
4648 2
4649 0
4650 0
4651 1
4652 0
4653 1
4654 0
4655 1
4656 0
4657 0
4658 1
4659 0
4660 1
4661 0
4662 0
4663 1
4664 0
4665 1
4666 0
4667 0
4668 1
4669 1
4670 1
4671 1
4672 0
4673 0
4674 1
4675 0
4676 1
4677 0
4678 0
4679 0
4680 1
4681 0
4682 1
4683 1
4684 1
4685 1
4686 2
4687 0
4688 0
4689 0
4690 0
4691 1
4692 0
4693 0
4694 0
4695 0
4696 1
4697 1
4698 0
4699 0
4700 0
4701 0
4702 0
4703 0
4704 0
4705 0
4706 0
4707 0
4708 0
4709 0
4710 0
4711 1
4712 0
4713 1
4714 1
4715 2
4716 0
4717 1
4718 0
4719 0
4720 0
4721 2
4722 1
4723 1
4724 0
4725 0
4726 1
4727 0
4728 0
4729 1
4730 0
4731 0
4732 0
4733 0
4734 0
4735 0
4736 0
4737 1
4738 1
4739 0
4740 0
4741 0
4742 0
4743 1
4744 0
4745 0
4746 0
4747 0
4748 0
4749 0
4750 0
4751 1
4752 0
4753 0
4754 0
4755 2
4756 0
4757 0
4758 0
4759 1
4760 0
4761 0
4762 0
4763 0
4764 0
4765 0
4766 0
4767 1
4768 0
4769 0
4770 0
4771 0
4772 0
4773 0
4774 0
4775 1
4776 0
4777 1
4778 0
4779 0
4780 0
4781 0
4782 0
4783 0
4784 0
4785 0
4786 0
4787 0
4788 0
4789 0
4790 1
4791 1
4792 0
4793 0
4794 1
4795 0
4796 0
4797 0
4798 0
4799 0
4800 0
4801 1
4802 0
4803 0
4804 2
4805 1
4806 0
4807 1
4808 1
4809 0
4810 0
4811 0
4812 0
4813 0
4814 1
4815 0
4816 0
4817 0
4818 0
4819 0
4820 0
4821 0
4822 0
4823 2
4824 0
4825 3
4826 2
4827 1
4828 2
4829 1
4830 1
4831 0
4832 1
4833 0
4834 0
4835 0
4836 0
4837 2
4838 0
4839 0
4840 1
4841 0
4842 0
4843 1
4844 1
4845 1
4846 0
4847 0
4848 2
4849 1
4850 0
4851 0
4852 2
4853 0
4854 0
4855 2
4856 2
4857 0
4858 2
4859 1
4860 0
4861 0
4862 4
4863 0
4864 1
4865 0
4866 0
4867 1
4868 1
4869 0
4870 1
4871 0
4872 0
4873 2
4874 1
4875 0
4876 2
4877 1
4878 1
4879 0
4880 0
4881 1
4882 1
4883 2
4884 0
4885 1
4886 0
4887 3
4888 0
4889 0
4890 0
4891 0
4892 0
4893 0
4894 1
4895 0
4896 0
4897 0
4898 0
4899 0
4900 1
4901 1
4902 0
4903 0
4904 1
4905 4
4906 3
4907 0
4908 0
4909 1
4910 0
4911 2
4912 1
4913 1
4914 0
4915 0
4916 0
4917 1
4918 2
4919 1
4920 1
4921 0
4922 0
4923 0
4924 0
4925 2
4926 2
4927 0
4928 2
4929 2
4930 1
4931 1
4932 1
4933 1
4934 0
4935 1
4936 0
4937 0
4938 1
4939 1
4940 1
4941 0
4942 0
4943 0
4944 0
4945 1
4946 2
4947 1
4948 0
4949 2
4950 1
4951 0
4952 0
4953 0
4954 0
4955 1
4956 1
4957 1
4958 0
4959 1
4960 0
4961 1
4962 0
4963 2
4964 1
4965 0
4966 1
4967 0
4968 1
4969 1
4970 2
4971 2
4972 1
4973 1
4974 0
4975 1
4976 0
4977 0
4978 0
4979 0
4980 0
4981 1
4982 0
4983 1
4984 2
4985 0
4986 1
4987 1
4988 0
4989 1
4990 0
4991 2
4992 1
4993 2
4994 2
4995 0
4996 0
4997 0
4998 2
4999 0
5000 1
5001 0
5002 0
5003 0
5004 0
5005 0
5006 0
5007 1
5008 1
5009 0
5010 0
5011 0
5012 0
5013 2
5014 1
5015 0
5016 0
5017 0
5018 0
5019 1
5020 1
5021 0
5022 1
5023 1
5024 1
5025 1
5026 1
5027 1
5028 0
5029 0
5030 1
5031 0
5032 0
5033 1
5034 1
5035 0
5036 1
5037 0
5038 0
5039 1
5040 0
5041 0
5042 2
5043 0
5044 1
5045 1
5046 1
5047 0
5048 1
5049 0
5050 0
5051 0
5052 1
5053 0
5054 0
5055 1
5056 0
5057 0
5058 0
5059 0
5060 1
5061 2
5062 4
5063 0
5064 0
5065 0
5066 0
5067 0
5068 0
5069 0
5070 1
5071 0
5072 0
5073 0
5074 0
5075 0
5076 0
5077 1
5078 1
5079 1
5080 1
5081 1
5082 0
5083 0
5084 0
5085 0
5086 1
5087 0
5088 0
5089 0
5090 0
5091 0
5092 0
5093 1
5094 0
5095 1
5096 0
5097 2
5098 1
5099 0
5100 0
5101 1
5102 1
5103 0
5104 2
5105 0
5106 2
5107 0
5108 1
5109 0
5110 1
5111 1
5112 0
5113 0
5114 1
5115 5
5116 0
5117 0
5118 1
5119 0
5120 0
5121 0
5122 1
5123 0
5124 1
5125 2
5126 0
5127 1
5128 1
5129 0
5130 0
5131 1
5132 0
5133 0
5134 0
5135 1
5136 1
5137 0
5138 1
5139 2
5140 1
5141 1
5142 3
5143 0
5144 0
5145 0
5146 0
5147 1
5148 4
5149 1
5150 1
5151 0
5152 1
5153 0
5154 2
5155 1
5156 2
5157 1
5158 0
5159 0
5160 1
5161 0
5162 0
5163 2
5164 1
5165 0
5166 0
5167 3
5168 1
5169 2
5170 0
5171 1
5172 3
5173 2
5174 2
5175 0
5176 1
5177 1
5178 0
5179 1
5180 0
5181 1
5182 1
5183 1
5184 1
5185 2
5186 1
5187 0
5188 0
5189 0
5190 0
5191 1
5192 0
5193 0
5194 1
5195 1
5196 0
5197 1
5198 2
5199 1
5200 2
5201 2
5202 0
5203 3
5204 1
5205 1
5206 3
5207 0
5208 0
5209 0
5210 1
5211 0
5212 4
5213 1
5214 0
5215 0
5216 1
5217 1
5218 0
5219 0
5220 1
5221 0
5222 3
5223 1
5224 0
5225 0
5226 2
5227 1
5228 2
5229 0
5230 2
5231 0
5232 0
5233 2
5234 1
5235 0
5236 0
5237 0
5238 0
5239 0
5240 1
5241 0
5242 0
5243 1
5244 0
5245 0
5246 1
5247 0
5248 1
5249 0
5250 1
5251 2
5252 1
5253 1
5254 1
5255 0
5256 0
5257 0
5258 1
5259 1
5260 0
5261 1
5262 0
5263 0
5264 1
5265 1
5266 1
5267 0
5268 0
5269 1
5270 3
5271 1
5272 3
5273 0
5274 1
5275 1
5276 0
5277 0
5278 0
5279 0
5280 1
5281 0
5282 1
5283 1
5284 2
5285 0
5286 0
5287 0
5288 2
5289 0
5290 0
5291 0
5292 0
5293 0
5294 1
5295 0
5296 0
5297 0
5298 1
5299 1
5300 1
5301 0
5302 1
5303 1
5304 0
5305 1
5306 1
5307 1
5308 2
5309 0
5310 0
5311 1
5312 0
5313 2
5314 2
5315 0
5316 1
5317 1
5318 2
5319 1
5320 1
5321 1
5322 3
5323 1
5324 1
5325 2
5326 0
5327 0
5328 4
5329 2
5330 1
5331 0
5332 0
5333 1
5334 2
5335 2
5336 0
5337 0
5338 0
5339 1
5340 0
5341 1
5342 1
5343 1
5344 0
5345 1
5346 0
5347 0
5348 1
5349 0
5350 1
5351 0
5352 3
5353 1
5354 0
5355 0
5356 0
5357 0
5358 1
5359 0
5360 0
5361 1
5362 2
5363 0
5364 2
5365 1
5366 0
5367 2
5368 0
5369 0
5370 0
5371 0
5372 0
5373 2
5374 0
5375 0
5376 0
5377 0
5378 0
5379 0
5380 2
5381 0
5382 0
5383 1
5384 0
5385 1
5386 0
5387 0
5388 0
5389 1
5390 0
5391 0
5392 0
5393 0
5394 0
5395 1
5396 2
5397 0
5398 0
5399 0
5400 0
5401 0
5402 0
5403 1
5404 0
5405 1
5406 3
5407 1
5408 0
5409 0
5410 1
5411 1
5412 0
5413 1
5414 0
5415 2
5416 0
5417 0
5418 2
5419 0
5420 1
5421 0
5422 0
5423 0
5424 0
5425 1
5426 1
5427 1
5428 0
5429 1
5430 0
5431 0
5432 0
5433 0
5434 1
5435 1
5436 2
5437 3
5438 1
5439 1
5440 0
5441 1
5442 0
5443 0
5444 0
5445 1
5446 0
5447 0
5448 0
5449 0
5450 0
5451 2
5452 0
5453 1
5454 0
5455 3
5456 1
5457 0
5458 2
5459 1
5460 0
5461 1
5462 0
5463 0
5464 1
5465 1
5466 0
5467 1
5468 1
5469 0
5470 1
5471 2
5472 0
5473 0
5474 0
5475 0
5476 1
5477 1
5478 1
5479 4
5480 2
5481 0
5482 2
5483 1
5484 1
5485 1
5486 2
5487 1
5488 0
5489 1
5490 0
5491 0
5492 0
5493 1
5494 1
5495 1
5496 3
5497 0
5498 2
5499 0
5500 2
5501 1
5502 1
5503 0
5504 1
5505 0
5506 1
5507 1
5508 0
5509 0
5510 0
5511 1
5512 0
5513 1
5514 1
5515 2
5516 1
5517 1
5518 1
5519 0
5520 0
5521 0
5522 0
5523 1
5524 0
5525 1
5526 3
5527 0
5528 2
5529 1
5530 0
5531 0
5532 0
5533 1
5534 2
5535 0
5536 0
5537 4
5538 1
5539 0
5540 0
5541 2
5542 0
5543 0
5544 0
5545 1
5546 3
5547 0
5548 1
5549 1
5550 0
5551 1
5552 2
5553 0
5554 0
5555 1
5556 1
5557 0
5558 3
5559 2
5560 0
5561 0
5562 1
5563 2
5564 0
5565 0
5566 0
5567 1
5568 1
5569 0
5570 0
5571 1
5572 1
5573 0
5574 0
5575 2
5576 1
5577 0
5578 0
5579 1
5580 1
5581 0
5582 0
5583 1
5584 1
5585 0
5586 1
5587 2
5588 1
5589 1
5590 1
5591 0
5592 0
5593 1
5594 2
5595 1
5596 2
5597 0
5598 2
5599 1
5600 1
5601 0
5602 0
5603 0
5604 1
5605 1
5606 2
5607 0
5608 0
5609 0
5610 0
5611 0
5612 1
5613 2
5614 2
5615 0
5616 1
5617 1
5618 0
5619 0
5620 2
5621 2
5622 2
5623 0
5624 0
5625 2
5626 2
5627 0
5628 0
5629 1
5630 1
5631 2
5632 0
5633 1
5634 2
5635 0
5636 0
5637 1
5638 2
5639 1
5640 4
5641 2
5642 2
5643 0
5644 1
5645 1
5646 0
5647 0
5648 2
5649 1
5650 0
5651 2
5652 0
5653 1
5654 0
5655 2
5656 1
5657 5
5658 1
5659 2
5660 0
5661 1
5662 1
5663 1
5664 2
5665 4
5666 2
5667 2
5668 2
5669 3
5670 1
5671 0
5672 0
5673 0
5674 1
5675 0
5676 0
5677 1
5678 1
5679 1
5680 1
5681 3
5682 2
5683 0
5684 0
5685 4
5686 2
5687 2
5688 3
5689 2
5690 2
5691 0
5692 2
5693 2
5694 1
5695 0
5696 1
5697 0
5698 2
5699 1
5700 1
5701 2
5702 1
5703 1
5704 1
5705 3
5706 1
5707 1
5708 1
5709 0
5710 1
5711 0
5712 0
5713 3
5714 0
5715 1
5716 2
5717 1
5718 0
5719 2
5720 0
5721 0
5722 2
5723 1
5724 1
5725 3
5726 1
5727 2
5728 0
5729 1
5730 0
5731 1
5732 3
5733 1
5734 2
5735 1
5736 1
5737 1
5738 0
5739 0
5740 2
5741 0
5742 2
5743 0
5744 0
5745 0
5746 0
5747 0
5748 1
5749 2
5750 2
5751 0
5752 0
5753 1
5754 0
5755 0
5756 1
5757 3
5758 0
5759 2
5760 1
5761 3
5762 2
5763 2
5764 0
5765 1
5766 0
5767 1
5768 1
5769 2
5770 3
5771 2
5772 3
5773 2
5774 2
5775 1
5776 4
5777 1
5778 5
5779 4
5780 1
5781 3
5782 2
5783 0
5784 4
5785 1
5786 2
5787 2
5788 4
5789 1
5790 0
5791 1
5792 1
5793 0
5794 3
5795 1
5796 1
5797 0
5798 1
5799 1
5800 3
5801 2
5802 1
5803 3
5804 0
5805 1
5806 2
5807 1
5808 2
5809 1
5810 1
5811 1
5812 3
5813 1
5814 3
5815 5
5816 2
5817 1
5818 1
5819 0
5820 0
5821 1
5822 1
5823 1
5824 2
5825 1
5826 2
5827 2
5828 1
5829 2
5830 2
5831 2
5832 3
5833 3
5834 4
5835 4
5836 3
5837 3
5838 0
5839 0
5840 0
5841 3
5842 4
5843 0
5844 1
5845 1
5846 1
5847 3
5848 3
5849 3
5850 0
5851 0
5852 5
5853 4
5854 2
5855 2
5856 3
5857 3
5858 1
5859 6
5860 4
5861 1
5862 4
5863 2
5864 1
5865 1
5866 0
5867 2
5868 1
5869 2
5870 1
5871 0
5872 1
5873 0
5874 4
5875 4
5876 5
5877 0
5878 3
5879 1
5880 3
5881 5
5882 2
5883 1
5884 2
5885 1
5886 3
5887 0
5888 2
5889 2
5890 2
5891 2
5892 3
5893 3
5894 3
5895 1
5896 2
5897 1
5898 0
5899 4
5900 3
5901 0
5902 3
5903 1
5904 4
5905 3
5906 3
5907 4
5908 2
5909 3
5910 4
5911 3
5912 1
5913 1
5914 1
5915 2
5916 2
5917 4
5918 2
5919 1
5920 5
5921 1
5922 2
5923 2
5924 3
5925 0
5926 0
5927 3
5928 2
5929 3
5930 3
5931 2
5932 0
5933 0
5934 3
5935 4
5936 3
5937 7
5938 0
5939 3
5940 1
5941 3
5942 0
5943 3
5944 3
5945 0
5946 3
5947 6
5948 2
5949 4
5950 3
5951 1
5952 1
5953 1
5954 2
5955 1
5956 1
5957 3
5958 4
5959 1
5960 0
5961 1
5962 5
5963 3
5964 2
5965 4
5966 2
5967 3
5968 3
5969 4
5970 1
5971 1
5972 2
5973 6
5974 3
5975 0
5976 2
5977 2
5978 2
5979 2
5980 3
5981 5
5982 3
5983 1
5984 2
5985 0
5986 4
5987 2
5988 2
5989 3
5990 3
5991 3
5992 3
5993 3
5994 3
5995 3
5996 1
5997 3
5998 3
5999 4
6000 2
6001 4
6002 2
6003 2
6004 3
6005 4
6006 3
6007 4
6008 1
6009 3
6010 4
6011 8
6012 3
6013 4
6014 1
6015 3
6016 4
6017 1
6018 2
6019 2
6020 5
6021 2
6022 7
6023 1
6024 1
6025 6
6026 5
6027 2
6028 3
6029 1
6030 3
6031 7
6032 0
6033 1
6034 4
6035 2
6036 1
6037 2
6038 3
6039 3
6040 1
6041 4
6042 4
6043 2
6044 3
6045 2
6046 0
6047 4
6048 4
6049 2
6050 0
6051 1
6052 0
6053 5
6054 1
6055 2
6056 3
6057 0
6058 0
6059 3
6060 2
6061 3
6062 1
6063 6
6064 1
6065 1
6066 1
6067 3
6068 2
6069 1
6070 2
6071 0
6072 2
6073 3
6074 1
6075 2
6076 3
6077 1
6078 3
6079 0
6080 3
6081 2
6082 0
6083 2
6084 5
6085 2
6086 2
6087 1
6088 3
6089 5
6090 0
6091 4
6092 3
6093 4
6094 0
6095 3
6096 1
6097 1
6098 0
6099 2
6100 2
6101 0
6102 2
6103 4
6104 2
6105 1
6106 2
6107 4
6108 3
6109 2
6110 0
6111 0
6112 1
6113 2
6114 1
6115 0
6116 1
6117 1
6118 1
6119 0
6120 2
6121 1
6122 5
6123 2
6124 1
6125 3
6126 3
6127 0
6128 0
6129 0
6130 1
6131 2
6132 4
6133 3
6134 1
6135 1
6136 3
6137 1
6138 0
6139 2
6140 2
6141 1
6142 0
6143 6
6144 5
6145 0
6146 1
6147 4
6148 0
6149 0
6150 0
6151 4
6152 0
6153 2
6154 2
6155 1
6156 3
6157 0
6158 3
6159 3
6160 2
6161 3
6162 3
6163 2
6164 5
6165 2
6166 3
6167 3
6168 0
6169 2
6170 4
6171 2
6172 3
6173 4
6174 4
6175 3
6176 2
6177 2
6178 4
6179 4
6180 4
6181 1
6182 2
6183 1
6184 1
6185 1
6186 4
6187 5
6188 7
6189 2
6190 6
6191 4
6192 1
6193 0
6194 2
6195 1
6196 5
6197 0
6198 3
6199 3
6200 3
6201 2
6202 0
6203 3
6204 1
6205 1
6206 3
6207 1
6208 2
6209 5
6210 3
6211 1
6212 2
6213 0
6214 6
6215 0
6216 2
6217 1
6218 3
6219 1
6220 4
6221 0
6222 2
6223 4
6224 1
6225 0
6226 5
6227 1
6228 1
6229 5
6230 1
6231 0
6232 2
6233 0
6234 3
6235 1
6236 2
6237 0
6238 1
6239 2
6240 0
6241 2
6242 2
6243 1
6244 1
6245 1
6246 1
6247 3
6248 3
6249 3
6250 1
6251 1
6252 1
6253 3
6254 4
6255 3
6256 1
6257 1
6258 0
6259 3
6260 3
6261 4
6262 2
6263 0
6264 1
6265 1
6266 1
6267 7
6268 1
6269 1
6270 4
6271 0
6272 1
6273 3
6274 0
6275 1
6276 2
6277 1
6278 0
6279 4
6280 1
6281 1
6282 1
6283 1
6284 3
6285 3
6286 4
6287 1
6288 5
6289 0
6290 2
6291 3
6292 2
6293 0
6294 3
6295 1
6296 2
6297 2
6298 2
6299 0
6300 2
6301 5
6302 0
6303 4
6304 1
6305 1
6306 0
6307 1
6308 2
6309 2
6310 3
6311 1
6312 0
6313 5
6314 2
6315 0
6316 0
6317 1
6318 1
6319 2
6320 1
6321 1
6322 1
6323 1
6324 3
6325 6
6326 5
6327 2
6328 2
6329 1
6330 4
6331 1
6332 1
6333 2
6334 2
6335 3
6336 2
6337 2
6338 1
6339 1
6340 1
6341 0
6342 0
6343 2
6344 2
6345 1
6346 2
6347 1
6348 1
6349 1
6350 1
6351 3
6352 1
6353 0
6354 1
6355 1
6356 1
6357 0
6358 5
6359 2
6360 5
6361 1
6362 4
6363 3
6364 1
6365 2
6366 4
6367 3
6368 2
6369 2
6370 2
6371 2
6372 4
6373 1
6374 3
6375 3
6376 1
6377 2
6378 2
6379 1
6380 0
6381 3
6382 4
6383 2
6384 1
6385 2
6386 1
6387 2
6388 2
6389 0
6390 1
6391 2
6392 5
6393 2
6394 2
6395 2
6396 1
6397 0
6398 3
6399 1
6400 5
6401 3
6402 2
6403 1
6404 2
6405 2
6406 0
6407 0
6408 3
6409 1
6410 2
6411 4
6412 1
6413 1
6414 3
6415 3
6416 0
6417 3
6418 3
6419 2
6420 1
6421 2
6422 2
6423 3
6424 4
6425 0
6426 2
6427 2
6428 3
6429 2
6430 2
6431 2
6432 0
6433 1
6434 2
6435 2
6436 2
6437 3
6438 2
6439 3
6440 2
6441 4
6442 2
6443 4
6444 4
6445 3
6446 2
6447 2
6448 4
6449 0
6450 1
6451 1
6452 1
6453 2
6454 4
6455 5
6456 1
6457 3
6458 1
6459 1
6460 1
6461 2
6462 2
6463 3
6464 3
6465 3
6466 4
6467 2
6468 3
6469 0
6470 1
6471 2
6472 4
6473 2
6474 2
6475 6
6476 2
6477 4
6478 3
6479 6
6480 2
6481 5
6482 5
6483 5
6484 5
6485 2
6486 5
6487 3
6488 2
6489 4
6490 6
6491 0
6492 1
6493 1
6494 4
6495 3
6496 1
6497 4
6498 1
6499 2
6500 3
6501 1
6502 1
6503 2
6504 6
6505 1
6506 2
6507 3
6508 4
6509 2
6510 2
6511 1
6512 5
6513 8
6514 6
6515 3
6516 2
6517 4
6518 3
6519 3
6520 2
6521 5
6522 1
6523 3
6524 2
6525 3
6526 2
6527 2
6528 5
6529 6
6530 1
6531 2
6532 3
6533 2
6534 2
6535 3
6536 3
6537 3
6538 4
6539 2
6540 4
6541 1
6542 2
6543 3
6544 3
6545 5
6546 1
6547 8
6548 5
6549 3
6550 1
6551 3
6552 1
6553 6
6554 0
6555 2
6556 0
6557 1
6558 0
6559 1
6560 4
6561 3
6562 0
6563 2
6564 5
6565 3
6566 1
6567 4
6568 1
6569 4
6570 4
6571 3
6572 1
6573 3
6574 5
6575 0
6576 7
6577 5
6578 1
6579 3
6580 2
6581 5
6582 4
6583 6
6584 6
6585 4
6586 6
6587 5
6588 3
6589 2
6590 3
6591 1
6592 4
6593 2
6594 2
6595 3
6596 2
6597 2
6598 2
6599 1
6600 2
6601 7
6602 4
6603 3
6604 3
6605 3
6606 3
6607 2
6608 4
6609 0
6610 3
6611 2
6612 2
6613 6
6614 4
6615 4
6616 5
6617 3
6618 7
6619 3
6620 4
6621 6
6622 1
6623 1
6624 3
6625 3
6626 2
6627 2
6628 2
6629 3
6630 3
6631 5
6632 0
6633 4
6634 2
6635 6
6636 1
6637 2
6638 2
6639 2
6640 3
6641 2
6642 3
6643 2
6644 2
6645 1
6646 3
6647 1
6648 3
6649 3
6650 3
6651 4
6652 3
6653 5
6654 2
6655 4
6656 9
6657 5
6658 1
6659 0
6660 3
6661 2
6662 5
6663 3
6664 3
6665 4
6666 0
6667 3
6668 2
6669 1
6670 3
6671 4
6672 2
6673 3
6674 3
6675 4
6676 2
6677 5
6678 2
6679 4
6680 4
6681 3
6682 2
6683 5
6684 2
6685 0
6686 1
6687 2
6688 3
6689 2
6690 1
6691 0
6692 3
6693 2
6694 2
6695 3
6696 2
6697 7
6698 1
6699 7
6700 3
6701 1
6702 0
6703 4
6704 3
6705 5
6706 1
6707 2
6708 0
6709 4
6710 5
6711 5
6712 5
6713 1
6714 3
6715 2
6716 3
6717 2
6718 2
6719 2
6720 2
6721 2
6722 1
6723 3
6724 6
6725 2
6726 3
6727 3
6728 2
6729 3
6730 3
6731 2
6732 4
6733 2
6734 4
6735 2
6736 4
6737 3
6738 4
6739 3
6740 5
6741 5
6742 3
6743 2
6744 1
6745 0
6746 2
6747 1
6748 4
6749 0
6750 1
6751 1
6752 2
6753 2
6754 0
6755 2
6756 3
6757 3
6758 3
6759 1
6760 2
6761 4
6762 5
6763 2
6764 1
6765 3
6766 1
6767 4
6768 2
6769 3
6770 1
6771 4
6772 3
6773 1
6774 1
6775 4
6776 5
6777 3
6778 1
6779 2
6780 4
6781 2
6782 0
6783 3
6784 5
6785 4
6786 3
6787 1
6788 3
6789 3
6790 1
6791 4
6792 1
6793 2
6794 2
6795 5
6796 3
6797 3
6798 0
6799 1
6800 1
6801 2
6802 2
6803 2
6804 4
6805 2
6806 1
6807 0
6808 2
6809 1
6810 3
6811 3
6812 1
6813 1
6814 1
6815 4
6816 2
6817 1
6818 2
6819 1
6820 0
6821 3
6822 3
6823 1
6824 3
6825 6
6826 0
6827 1
6828 5
6829 2
6830 2
6831 1
6832 2
6833 2
6834 2
6835 3
6836 2
6837 2
6838 1
6839 1
6840 1
6841 1
6842 2
6843 4
6844 3
6845 4
6846 5
6847 4
6848 2
6849 2
6850 2
6851 5
6852 4
6853 1
6854 3
6855 2
6856 0
6857 4
6858 1
6859 0
6860 1
6861 0
6862 1
6863 2
6864 5
6865 3
6866 2
6867 4
6868 4
6869 5
6870 2
6871 2
6872 3
6873 1
6874 3
6875 2
6876 5
6877 3
6878 2
6879 4
6880 3
6881 1
6882 3
6883 3
6884 1
6885 0
6886 4
6887 2
6888 3
6889 1
6890 2
6891 1
6892 1
6893 5
6894 2
6895 0
6896 3
6897 5
6898 1
6899 1
6900 0
6901 1
6902 1
6903 3
6904 3
6905 2
6906 3
6907 6
6908 3
6909 2
6910 2
6911 1
6912 1
6913 3
6914 2
6915 3
6916 1
6917 1
6918 7
6919 0
6920 1
6921 1
6922 4
6923 1
6924 2
6925 1
6926 1
6927 2
6928 4
6929 2
6930 1
6931 2
6932 2
6933 4
6934 1
6935 1
6936 3
6937 2
6938 1
6939 3
6940 3
6941 3
6942 1
6943 2
6944 1
6945 2
6946 3
6947 4
6948 1
6949 3
6950 2
6951 0
6952 3
6953 4
6954 5
6955 3
6956 1
6957 4
6958 3
6959 3
6960 4
6961 4
6962 1
6963 2
6964 3
6965 3
6966 3
6967 3
6968 4
6969 4
6970 0
6971 3
6972 2
6973 3
6974 4
6975 5
6976 5
6977 3
6978 2
6979 3
6980 1
6981 4
6982 7
6983 4
6984 3
6985 2
6986 4
6987 1
6988 3
6989 1
6990 1
6991 2
6992 2
6993 2
6994 3
6995 2
6996 3
6997 1
6998 1
6999 2
7000 3
7001 8
7002 3
7003 0
7004 1
7005 1
7006 1
7007 3
7008 4
7009 2
7010 2
7011 3
7012 4
7013 1
7014 3
7015 4
7016 3
7017 3
7018 3
7019 0
7020 1
7021 5
7022 0
7023 0
7024 2
7025 3
7026 1
7027 2
7028 3
7029 1
7030 3
7031 4
7032 1
7033 3
7034 0
7035 4
7036 2
7037 2
7038 2
7039 3
7040 1
7041 3
7042 2
7043 2
7044 0
7045 3
7046 4
7047 0
7048 1
7049 1
7050 2
7051 4
7052 2
7053 1
7054 1
7055 2
7056 0
7057 4
7058 4
7059 4
7060 0
7061 1
7062 1
7063 2
7064 2
7065 2
7066 2
7067 1
7068 4
7069 2
7070 1
7071 2
7072 3
7073 2
7074 2
7075 3
7076 1
7077 3
7078 1
7079 2
7080 2
7081 3
7082 4
7083 4
7084 1
7085 1
7086 1
7087 0
7088 4
7089 1
7090 4
7091 1
7092 2
7093 5
7094 0
7095 0
7096 1
7097 4
7098 3
7099 3
7100 4
7101 1
7102 1
7103 3
7104 3
7105 0
7106 4
7107 2
7108 0
7109 2
7110 3
7111 0
7112 2
7113 1
7114 3
7115 2
7116 1
7117 1
7118 3
7119 1
7120 0
7121 3
7122 2
7123 0
7124 2
7125 3
7126 3
7127 1
7128 4
7129 2
7130 0
7131 0
7132 1
7133 2
7134 2
7135 0
7136 1
7137 2
7138 1
7139 4
7140 2
7141 0
7142 0
7143 1
7144 3
7145 7
7146 0
7147 2
7148 1
7149 2
7150 1
7151 2
7152 1
7153 1
7154 5
7155 3
7156 1
7157 2
7158 3
7159 2
7160 6
7161 3
7162 2
7163 2
7164 3
7165 1
7166 5
7167 4
7168 4
7169 4
7170 4
7171 3
7172 6
7173 2
7174 3
7175 1
7176 3
7177 2
7178 3
7179 4
7180 2
7181 4
7182 1
7183 4
7184 4
7185 3
7186 2
7187 4
7188 6
7189 0
7190 2
7191 4
7192 3
7193 3
7194 6
7195 1
7196 5
7197 0
7198 1
7199 2
7200 7
7201 4
7202 5
7203 2
7204 5
7205 2
7206 0
7207 2
7208 1
7209 0
7210 1
7211 3
7212 2
7213 1
7214 4
7215 7
7216 3
7217 4
7218 1
7219 0
7220 1
7221 1
7222 1
7223 3
7224 1
7225 2
7226 1
7227 5
7228 1
7229 1
7230 3
7231 2
7232 3
7233 1
7234 0
7235 4
7236 4
7237 1
7238 3
7239 1
7240 2
7241 3
7242 5
7243 3
7244 2
7245 2
7246 3
7247 2
7248 3
7249 2
7250 1
7251 3
7252 4
7253 0
7254 1
7255 0
7256 0
7257 2
7258 2
7259 3
7260 1
7261 2
7262 1
7263 2
7264 0
7265 3
7266 1
7267 3
7268 3
7269 3
7270 1
7271 2
7272 2
7273 0
7274 5
7275 1
7276 2
7277 3
7278 2
7279 5
7280 3
7281 0
7282 2
7283 3
7284 2
7285 0
7286 2
7287 1
7288 2
7289 1
7290 2
7291 0
7292 2
7293 0
7294 0
7295 2
7296 3
7297 3
7298 0
7299 0
7300 0
7301 1
7302 2
7303 0
7304 0
7305 1
7306 2
7307 1
7308 2
7309 1
7310 1
7311 0
7312 1
7313 0
7314 1
7315 4
7316 2
7317 3
7318 3
7319 0
7320 1
7321 2
7322 3
7323 1
7324 2
7325 1
7326 2
7327 1
7328 1
7329 0
7330 3
7331 2
7332 1
7333 2
7334 1
7335 0
7336 2
7337 2
7338 1
7339 2
7340 1
7341 1
7342 2
7343 1
7344 2
7345 2
7346 1
7347 0
7348 2
7349 1
7350 3
7351 2
7352 3
7353 0
7354 1
7355 2
7356 1
7357 2
7358 1
7359 1
7360 2
7361 1
7362 2
7363 2
7364 2
7365 0
7366 2
7367 0
7368 2
7369 1
7370 1
7371 1
7372 0
7373 2
7374 5
7375 4
7376 0
7377 5
7378 3
7379 0
7380 1
7381 2
7382 3
7383 2
7384 0
7385 0
7386 3
7387 0
7388 1
7389 3
7390 3
7391 1
7392 0
7393 3
7394 1
7395 4
7396 3
7397 0
7398 1
7399 4
7400 3
7401 1
7402 0
7403 1
7404 1
7405 0
7406 2
7407 2
7408 3
7409 2
7410 2
7411 1
7412 1
7413 1
7414 2
7415 3
7416 1
7417 2
7418 3
7419 1
7420 1
7421 2
7422 2
7423 1
7424 0
7425 0
7426 2
7427 1
7428 1
7429 4
7430 0
7431 1
7432 1
7433 1
7434 1
7435 3
7436 1
7437 0
7438 3
7439 3
7440 3
7441 4
7442 1
7443 0
7444 2
7445 4
7446 1
7447 4
7448 0
7449 1
7450 4
7451 0
7452 2
7453 2
7454 1
7455 1
7456 0
7457 2
7458 1
7459 1
7460 2
7461 2
7462 2
7463 2
7464 2
7465 2
7466 2
7467 3
7468 1
7469 1
7470 1
7471 1
7472 3
7473 0
7474 0
7475 1
7476 0
7477 1
7478 1
7479 2
7480 0
7481 2
7482 2
7483 3
7484 0
7485 0
7486 3
7487 4
7488 1
7489 1
7490 0
7491 4
7492 1
7493 1
7494 2
7495 1
7496 2
7497 2
7498 2
7499 3
7500 2
7501 1
7502 1
7503 1
7504 3
7505 0
7506 3
7507 0
7508 3
7509 1
7510 0
7511 2
7512 0
7513 4
7514 1
7515 2
7516 3
7517 1
7518 1
7519 0
7520 1
7521 1
7522 1
7523 0
7524 1
7525 4
7526 0
7527 1
7528 0
7529 0
7530 3
7531 1
7532 2
7533 1
7534 1
7535 2
7536 3
7537 0
7538 0
7539 3
7540 3
7541 1
7542 5
7543 2
7544 3
7545 2
7546 2
7547 0
7548 2
7549 2
7550 0
7551 4
7552 1
7553 2
7554 0
7555 2
7556 2
7557 0
7558 2
7559 1
7560 0
7561 2
7562 1
7563 0
7564 0
7565 0
7566 3
7567 1
7568 0
7569 0
7570 2
7571 5
7572 2
7573 1
7574 0
7575 1
7576 2
7577 1
7578 0
7579 2
7580 1
7581 1
7582 1
7583 1
7584 1
7585 1
7586 2
7587 1
7588 0
7589 0
7590 0
7591 1
7592 2
7593 3
7594 0
7595 1
7596 0
7597 0
7598 0
7599 1
7600 2
7601 1
7602 1
7603 2
7604 1
7605 0
7606 4
7607 1
7608 1
7609 2
7610 1
7611 1
7612 3
7613 0
7614 1
7615 1
7616 1
7617 0
7618 1
7619 0
7620 3
7621 3
7622 0
7623 2
7624 2
7625 3
7626 1
7627 1
7628 3
7629 0
7630 1
7631 0
7632 0
7633 0
7634 1
7635 2
7636 1
7637 0
7638 1
7639 1
7640 3
7641 2
7642 2
7643 0
7644 0
7645 0
7646 4
7647 0
7648 2
7649 0
7650 2
7651 0
7652 1
7653 2
7654 1
7655 1
7656 1
7657 2
7658 3
7659 2
7660 4
7661 1
7662 1
7663 1
7664 0
7665 1
7666 0
7667 1
7668 0
7669 3
7670 3
7671 2
7672 1
7673 1
7674 1
7675 1
7676 1
7677 1
7678 0
7679 2
7680 3
7681 1
7682 3
7683 1
7684 0
7685 1
7686 0
7687 2
7688 0
7689 1
7690 2
7691 2
7692 4
7693 1
7694 1
7695 0
7696 1
7697 1
7698 1
7699 3
7700 1
7701 0
7702 1
7703 2
7704 0
7705 1
7706 1
7707 1
7708 1
7709 1
7710 3
7711 2
7712 1
7713 2
7714 3
7715 0
7716 0
7717 1
7718 1
7719 1
7720 0
7721 0
7722 0
7723 1
7724 0
7725 2
7726 2
7727 0
7728 1
7729 1
7730 3
7731 0
7732 3
7733 1
7734 0
7735 1
7736 3
7737 2
7738 0
7739 2
7740 3
7741 1
7742 0
7743 0
7744 1
7745 1
7746 1
7747 0
7748 3
7749 1
7750 0
7751 0
7752 1
7753 3
7754 0
7755 1
7756 2
7757 0
7758 1
7759 2
7760 0
7761 0
7762 0
7763 1
7764 1
7765 0
7766 1
7767 1
7768 1
7769 0
7770 0
7771 0
7772 1
7773 1
7774 0
7775 2
7776 3
7777 0
7778 0
7779 0
7780 0
7781 1
7782 0
7783 1
7784 0
7785 1
7786 0
7787 1
7788 3
7789 1
7790 0
7791 4
7792 3
7793 0
7794 1
7795 1
7796 2
7797 1
7798 2
7799 1
7800 1
7801 1
7802 1
7803 1
7804 2
7805 1
7806 3
7807 0
7808 0
7809 2
7810 0
7811 2
7812 3
7813 0
7814 0
7815 2
7816 0
7817 0
7818 1
7819 1
7820 2
7821 4
7822 0
7823 1
7824 1
7825 0
7826 0
7827 1
7828 1
7829 1
7830 4
7831 1
7832 2
7833 0
7834 0
7835 0
7836 0
7837 2
7838 0
7839 2
7840 0
7841 3
7842 1
7843 0
7844 0
7845 4
7846 3
7847 1
7848 1
7849 2
7850 0
7851 1
7852 2
7853 0
7854 3
7855 1
7856 1
7857 0
7858 1
7859 2
7860 1
7861 1
7862 3
7863 0
7864 1
7865 1
7866 0
7867 0
7868 1
7869 1
7870 1
7871 1
7872 0
7873 0
7874 1
7875 1
7876 2
7877 1
7878 1
7879 1
7880 1
7881 1
7882 0
7883 0
7884 2
7885 1
7886 1
7887 1
7888 1
7889 0
7890 0
7891 1
7892 0
7893 1
7894 2
7895 2
7896 0
7897 2
7898 1
7899 1
7900 1
7901 0
7902 1
7903 0
7904 2
7905 1
7906 0
7907 1
7908 1
7909 0
7910 1
7911 0
7912 3
7913 0
7914 0
7915 0
7916 0
7917 0
7918 0
7919 3
7920 2
7921 2
7922 1
7923 2
7924 2
7925 1
7926 2
7927 0
7928 0
7929 1
7930 0
7931 1
7932 0
7933 0
7934 0
7935 1
7936 0
7937 1
7938 2
7939 0
7940 0
7941 1
7942 1
7943 1
7944 2
7945 1
7946 1
7947 0
7948 2
7949 1
7950 3
7951 3
7952 0
7953 1
7954 1
7955 2
7956 1
7957 1
7958 0
7959 1
7960 2
7961 2
7962 1
7963 4
7964 3
7965 0
7966 0
7967 2
7968 1
7969 1
7970 1
7971 1
7972 1
7973 2
7974 1
7975 0
7976 3
7977 2
7978 1
7979 2
7980 3
7981 2
7982 3
7983 1
7984 1
7985 1
7986 2
7987 1
7988 0
7989 0
7990 0
7991 0
7992 2
7993 2
7994 0
7995 0
7996 1
7997 3
7998 1
7999 1
8000 0
8001 0
8002 3
8003 1
8004 2
8005 1
8006 0
8007 0
8008 1
8009 2
8010 1
8011 3
8012 0
8013 0
8014 0
8015 3
8016 1
8017 1
8018 1
8019 1
8020 0
8021 1
8022 1
8023 2
8024 1
8025 1
8026 2
8027 2
8028 3
8029 1
8030 0
8031 1
8032 0
8033 0
8034 0
8035 1
8036 2
8037 1
8038 1
8039 2
8040 3
8041 1
8042 0
8043 1
8044 2
8045 2
8046 2
8047 1
8048 3
8049 2
8050 0
8051 2
8052 1
8053 0
8054 1
8055 1
8056 4
8057 0
8058 0
8059 2
8060 2
8061 0
8062 1
8063 1
8064 0
8065 1
8066 1
8067 2
8068 0
8069 3
8070 2
8071 1
8072 1
8073 2
8074 3
8075 0
8076 0
8077 0
8078 2
8079 1
8080 0
8081 1
8082 0
8083 0
8084 1
8085 0
8086 0
8087 1
8088 0
8089 1
8090 2
8091 0
8092 2
8093 1
8094 2
8095 0
8096 1
8097 0
8098 0
8099 0
8100 0
8101 1
8102 0
8103 0
8104 0
8105 1
8106 1
8107 0
8108 0
8109 1
8110 3
8111 1
8112 1
8113 0
8114 1
8115 4
8116 0
8117 2
8118 1
8119 1
8120 1
8121 0
8122 0
8123 0
8124 1
8125 0
8126 0
8127 1
8128 2
8129 1
8130 1
8131 1
8132 0
8133 0
8134 4
8135 2
8136 0
8137 1
8138 0
8139 2
8140 4
8141 1
8142 1
8143 1
8144 0
8145 0
8146 1
8147 0
8148 1
8149 2
8150 0
8151 1
8152 1
8153 1
8154 1
8155 0
8156 3
8157 0
8158 1
8159 1
8160 2
8161 1
8162 0
8163 1
8164 1
8165 0
8166 0
8167 2
8168 1
8169 1
8170 1
8171 1
8172 0
8173 2
8174 1
8175 1
8176 2
8177 1
8178 0
8179 2
8180 0
8181 3
8182 1
8183 0
8184 1
8185 0
8186 0
8187 0
8188 2
8189 1
8190 3
8191 0
8192 0
8193 0
8194 1
8195 0
8196 0
8197 1
8198 1
8199 0
8200 0
8201 1
8202 0
8203 0
8204 1
8205 0
8206 0
8207 2
8208 1
8209 1
8210 2
8211 0
8212 0
8213 0
8214 0
8215 0
8216 2
8217 1
8218 0
8219 0
8220 0
8221 0
8222 1
8223 0
8224 0
8225 1
8226 1
8227 2
8228 1
8229 1
8230 1
8231 2
8232 1
8233 0
8234 0
8235 0
8236 1
8237 1
8238 1
8239 2
8240 1
8241 1
8242 0
8243 0
8244 1
8245 2
8246 1
8247 2
8248 1
8249 0
8250 1
8251 0
8252 1
8253 0
8254 1
8255 2
8256 0
8257 3
8258 2
8259 0
8260 0
8261 0
8262 1
8263 2
8264 2
8265 0
8266 0
8267 0
8268 0
8269 1
8270 0
8271 1
8272 1
8273 2
8274 2
8275 0
8276 2
8277 1
8278 0
8279 1
8280 1
8281 2
8282 1
8283 1
8284 1
8285 2
8286 1
8287 1
8288 2
8289 0
8290 1
8291 0
8292 1
8293 1
8294 3
8295 0
8296 0
8297 0
8298 0
8299 2
8300 1
8301 1
8302 0
8303 0
8304 2
8305 2
8306 2
8307 0
8308 1
8309 1
8310 0
8311 0
8312 0
8313 0
8314 0
8315 1
8316 1
8317 1
8318 1
8319 1
8320 2
8321 1
8322 2
8323 0
8324 0
8325 0
8326 1
8327 1
8328 1
8329 2
8330 0
8331 1
8332 0
8333 1
8334 0
8335 0
8336 0
8337 1
8338 0
8339 0
8340 2
8341 0
8342 0
8343 1
8344 1
8345 2
8346 0
8347 0
8348 2
8349 1
8350 3
8351 2
8352 0
8353 0
8354 1
8355 1
8356 0
8357 2
8358 1
8359 0
8360 1
8361 1
8362 0
8363 0
8364 0
8365 1
8366 1
8367 0
8368 1
8369 2
8370 0
8371 1
8372 0
8373 0
8374 1
8375 0
8376 1
8377 1
8378 0
8379 0
8380 1
8381 0
8382 0
8383 0
8384 1
8385 0
8386 0
8387 3
8388 2
8389 0
8390 1
8391 0
8392 2
8393 2
8394 2
8395 0
8396 0
8397 0
8398 0
8399 1
8400 2
8401 0
8402 1
8403 0
8404 0
8405 0
8406 0
8407 3
8408 0
8409 2
8410 1
8411 2
8412 0
8413 0
8414 1
8415 1
8416 1
8417 1
8418 2
8419 1
8420 0
8421 1
8422 0
8423 0
8424 1
8425 1
8426 1
8427 1
8428 3
8429 2
8430 0
8431 2
8432 1
8433 0
8434 0
8435 0
8436 2
8437 0
8438 0
8439 1
8440 0
8441 0
8442 1
8443 2
8444 0
8445 0
8446 0
8447 1
8448 2
8449 1
8450 3
8451 0
8452 1
8453 0
8454 0
8455 1
8456 3
8457 1
8458 0
8459 0
8460 1
8461 2
8462 2
8463 1
8464 2
8465 1
8466 0
8467 1
8468 0
8469 0
8470 2
8471 2
8472 1
8473 2
8474 1
8475 1
8476 3
8477 0
8478 0
8479 0
8480 0
8481 2
8482 1
8483 2
8484 2
8485 1
8486 2
8487 2
8488 0
8489 0
8490 0
8491 1
8492 1
8493 0
8494 0
8495 1
8496 0
8497 0
8498 1
8499 1
8500 0
8501 4
8502 1
8503 0
8504 0
8505 0
8506 0
8507 1
8508 2
8509 2
8510 1
8511 1
8512 1
8513 2
8514 1
8515 2
8516 0
8517 1
8518 1
8519 0
8520 3
8521 0
8522 3
8523 0
8524 0
8525 1
8526 1
8527 2
8528 1
8529 0
8530 0
8531 2
8532 0
8533 0
8534 2
8535 1
8536 2
8537 1
8538 0
8539 1
8540 1
8541 0
8542 3
8543 0
8544 0
8545 0
8546 1
8547 1
8548 0
8549 1
8550 3
8551 1
8552 2
8553 1
8554 0
8555 0
8556 1
8557 0
8558 0
8559 2
8560 1
8561 1
8562 0
8563 2
8564 0
8565 2
8566 0
8567 1
8568 2
8569 0
8570 2
8571 0
8572 1
8573 1
8574 2
8575 2
8576 0
8577 3
8578 1
8579 1
8580 0
8581 1
8582 0
8583 1
8584 2
8585 0
8586 2
8587 0
8588 1
8589 1
8590 1
8591 1
8592 1
8593 0
8594 0
8595 4
8596 0
8597 2
8598 0
8599 1
8600 0
8601 2
8602 0
8603 0
8604 1
8605 1
8606 2
8607 0
8608 2
8609 0
8610 2
8611 2
8612 3
8613 1
8614 1
8615 3
8616 0
8617 1
8618 2
8619 1
8620 0
8621 1
8622 3
8623 0
8624 0
8625 0
8626 4
8627 2
8628 0
8629 1
8630 3
8631 1
8632 1
8633 1
8634 1
8635 0
8636 1
8637 3
8638 0
8639 0
8640 2
8641 0
8642 0
8643 1
8644 3
8645 0
8646 0
8647 2
8648 1
8649 3
8650 2
8651 1
8652 0
8653 1
8654 1
8655 1
8656 2
8657 1
8658 2
8659 3
8660 2
8661 1
8662 5
8663 1
8664 1
8665 0
8666 0
8667 2
8668 2
8669 1
8670 0
8671 1
8672 1
8673 1
8674 1
8675 2
8676 1
8677 1
8678 1
8679 2
8680 0
8681 3
8682 3
8683 0
8684 1
8685 0
8686 0
8687 0
8688 0
8689 1
8690 1
8691 1
8692 0
8693 1
8694 1
8695 1
8696 0
8697 2
8698 0
8699 0
8700 1
8701 0
8702 3
8703 1
8704 1
8705 2
8706 0
8707 0
8708 2
8709 1
8710 1
8711 1
8712 1
8713 2
8714 0
8715 0
8716 0
8717 0
8718 0
8719 1
8720 4
8721 2
8722 1
8723 1
8724 1
8725 2
8726 0
8727 1
8728 1
8729 1
8730 3
8731 1
8732 0
8733 3
8734 1
8735 0
8736 0
8737 0
8738 1
8739 1
8740 1
8741 0
8742 2
8743 1
8744 0
8745 1
8746 2
8747 1
8748 1
8749 0
8750 1
8751 0
8752 0
8753 1
8754 3
8755 1
8756 4
8757 2
8758 2
8759 0
8760 0
8761 0
8762 1
8763 3
8764 3
8765 1
8766 0
8767 1
8768 2
8769 2
8770 1
8771 0
8772 1
8773 2
8774 2
8775 2
8776 0
8777 1
8778 1
8779 0
8780 0
8781 1
8782 3
8783 0
8784 2
8785 1
8786 2
8787 3
8788 0
8789 1
8790 1
8791 1
8792 0
8793 2
8794 2
8795 1
8796 2
8797 1
8798 2
8799 1
8800 2
8801 0
8802 1
8803 2
8804 1
8805 1
8806 1
8807 2
8808 0
8809 0
8810 1
8811 1
8812 0
8813 2
8814 0
8815 0
8816 1
8817 0
8818 2
8819 3
8820 1
8821 0
8822 1
8823 1
8824 1
8825 0
8826 0
8827 2
8828 1
8829 1
8830 0
8831 3
8832 2
8833 2
8834 0
8835 0
8836 0
8837 1
8838 0
8839 1
8840 0
8841 0
8842 1
8843 1
8844 0
8845 0
8846 1
8847 0
8848 0
8849 4
8850 0
8851 0
8852 0
8853 1
8854 1
8855 1
8856 1
8857 0
8858 0
8859 1
8860 2
8861 0
8862 0
8863 0
8864 2
8865 2
8866 0
8867 2
8868 0
8869 0
8870 0
8871 0
8872 1
8873 0
8874 1
8875 0
8876 1
8877 0
8878 1
8879 1
8880 1
8881 0
8882 1
8883 0
8884 0
8885 0
8886 3
8887 0
8888 0
8889 0
8890 2
8891 0
8892 0
8893 2
8894 1
8895 1
8896 1
8897 1
8898 3
8899 1
8900 0
8901 1
8902 3
8903 1
8904 2
8905 1
8906 0
8907 0
8908 0
8909 1
8910 1
8911 1
8912 0
8913 0
8914 1
8915 1
8916 0
8917 1
8918 0
8919 0
8920 0
8921 1
8922 0
8923 0
8924 1
8925 0
8926 1
8927 2
8928 0
8929 0
8930 0
8931 1
8932 0
8933 1
8934 0
8935 2
8936 1
8937 0
8938 1
8939 0
8940 1
8941 1
8942 1
8943 1
8944 1
8945 0
8946 2
8947 2
8948 2
8949 0
8950 0
8951 4
8952 1
8953 1
8954 0
8955 0
8956 0
8957 0
8958 1
8959 2
8960 0
8961 1
8962 0
8963 1
8964 2
8965 2
8966 0
8967 0
8968 4
8969 1
8970 1
8971 0
8972 0
8973 2
8974 1
8975 1
8976 0
8977 1
8978 0
8979 1
8980 0
8981 1
8982 0
8983 1
8984 1
8985 1
8986 2
8987 1
8988 2
8989 0
8990 2
8991 1
8992 2
8993 0
8994 2
8995 1
8996 1
8997 0
8998 2
8999 0
9000 3
9001 1
9002 0
9003 2
9004 0
9005 2
9006 1
9007 1
9008 1
9009 2
9010 0
9011 0
9012 1
9013 2
9014 0
9015 1
9016 1
9017 0
9018 0
9019 0
9020 2
9021 3
9022 0
9023 1
9024 2
9025 0
9026 1
9027 0
9028 1
9029 0
9030 1
9031 3
9032 1
9033 3
9034 1
9035 1
9036 0
9037 0
9038 1
9039 0
9040 0
9041 0
9042 1
9043 1
9044 0
9045 1
9046 0
9047 0
9048 1
9049 1
9050 0
9051 1
9052 2
9053 0
9054 1
9055 0
9056 1
9057 1
9058 2
9059 3
9060 1
9061 0
9062 1
9063 0
9064 0
9065 0
9066 0
9067 0
9068 2
9069 2
9070 0
9071 0
9072 0
9073 0
9074 0
9075 0
9076 2
9077 3
9078 0
9079 0
9080 2
9081 0
9082 1
9083 0
9084 0
9085 0
9086 0
9087 0
9088 0
9089 1
9090 1
9091 1
9092 0
9093 0
9094 0
9095 0
9096 1
9097 1
9098 1
9099 1
9100 0
9101 2
9102 0
9103 2
9104 1
9105 0
9106 3
9107 1
9108 4
9109 1
9110 1
9111 1
9112 5
9113 1
9114 1
9115 0
9116 1
9117 1
9118 0
9119 0
9120 2
9121 1
9122 0
9123 0
9124 1
9125 0
9126 1
9127 3
9128 2
9129 2
9130 1
9131 2
9132 2
9133 0
9134 2
9135 0
9136 1
9137 0
9138 2
9139 1
9140 1
9141 1
9142 2
9143 0
9144 0
9145 0
9146 0
9147 1
9148 4
9149 1
9150 2
9151 0
9152 1
9153 0
9154 0
9155 1
9156 1
9157 2
9158 0
9159 2
9160 1
9161 0
9162 1
9163 1
9164 1
9165 1
9166 1
9167 0
9168 0
9169 0
9170 0
9171 0
9172 2
9173 1
9174 0
9175 1
9176 2
9177 0
9178 0
9179 0
9180 1
9181 1
9182 1
9183 1
9184 1
9185 0
9186 0
9187 2
9188 2
9189 0
9190 3
9191 2
9192 0
9193 0
9194 0
9195 2
9196 0
9197 3
9198 1
9199 0
9200 1
9201 2
9202 0
9203 1
9204 1
9205 2
9206 2
9207 0
9208 0
9209 1
9210 0
9211 2
9212 0
9213 2
9214 1
9215 0
9216 2
9217 2
9218 0
9219 1
9220 1
9221 1
9222 1
9223 2
9224 0
9225 3
9226 0
9227 2
9228 2
9229 1
9230 0
9231 0
9232 2
9233 0
9234 0
9235 0
9236 3
9237 2
9238 3
9239 2
9240 1
9241 0
9242 1
9243 0
9244 0
9245 1
9246 2
9247 1
9248 0
9249 0
9250 1
9251 1
9252 0
9253 0
9254 1
9255 1
9256 0
9257 2
9258 1
9259 0
9260 0
9261 1
9262 0
9263 1
9264 2
9265 2
9266 0
9267 0
9268 1
9269 1
9270 1
9271 0
9272 1
9273 0
9274 0
9275 0
9276 1
9277 0
9278 2
9279 1
9280 0
9281 4
9282 1
9283 0
9284 2
9285 1
9286 1
9287 2
9288 0
9289 0
9290 1
9291 2
9292 1
9293 0
9294 0
9295 0
9296 1
9297 2
9298 0
9299 1
9300 0
9301 1
9302 0
9303 1
9304 1
9305 0
9306 0
9307 1
9308 1
9309 1
9310 2
9311 0
9312 0
9313 0
9314 1
9315 0
9316 1
9317 0
9318 0
9319 0
9320 1
9321 2
9322 1
9323 1
9324 2
9325 1
9326 3
9327 0
9328 1
9329 2
9330 0
9331 1
9332 1
9333 0
9334 0
9335 2
9336 0
9337 1
9338 0
9339 0
9340 0
9341 2
9342 0
9343 0
9344 1
9345 0
9346 1
9347 0
9348 0
9349 1
9350 2
9351 1
9352 1
9353 1
9354 2
9355 0
9356 1
9357 0
9358 1
9359 1
9360 0
9361 0
9362 2
9363 0
9364 0
9365 2
9366 1
9367 2
9368 0
9369 1
9370 2
9371 1
9372 1
9373 1
9374 0
9375 0
9376 0
9377 0
9378 1
9379 1
9380 1
9381 0
9382 0
9383 0
9384 0
9385 3
9386 2
9387 1
9388 1
9389 0
9390 2
9391 0
9392 1
9393 0
9394 2
9395 1
9396 2
9397 1
9398 0
9399 1
9400 1
9401 1
9402 0
9403 0
9404 1
9405 3
9406 1
9407 0
9408 0
9409 1
9410 3
9411 1
9412 1
9413 1
9414 1
9415 0
9416 1
9417 0
9418 1
9419 1
9420 1
9421 3
9422 1
9423 0
9424 1
9425 1
9426 0
9427 0
9428 1
9429 1
9430 1
9431 2
9432 0
9433 0
9434 2
9435 0
9436 1
9437 1
9438 0
9439 0
9440 0
9441 0
9442 3
9443 3
9444 3
9445 0
9446 0
9447 1
9448 0
9449 1
9450 0
9451 0
9452 0
9453 0
9454 1
9455 2
9456 2
9457 1
9458 1
9459 0
9460 1
9461 1
9462 2
9463 3
9464 1
9465 0
9466 0
9467 3
9468 1
9469 0
9470 0
9471 0
9472 1
9473 1
9474 1
9475 1
9476 1
9477 1
9478 1
9479 0
9480 0
9481 2
9482 1
9483 0
9484 1
9485 0
9486 2
9487 0
9488 2
9489 0
9490 2
9491 0
9492 0
9493 1
9494 1
9495 1
9496 2
9497 1
9498 3
9499 1
9500 2
9501 0
9502 1
9503 0
9504 1
9505 0
9506 1
9507 0
9508 0
9509 0
9510 1
9511 0
9512 0
9513 1
9514 1
9515 0
9516 0
9517 1
9518 0
9519 2
9520 1
9521 1
9522 2
9523 0
9524 1
9525 0
9526 2
9527 1
9528 0
9529 1
9530 0
9531 1
9532 1
9533 3
9534 1
9535 0
9536 0
9537 1
9538 0
9539 2
9540 1
9541 0
9542 2
9543 2
9544 0
9545 2
9546 0
9547 3
9548 2
9549 1
9550 0
9551 0
9552 3
9553 0
9554 0
9555 0
9556 1
9557 0
9558 2
9559 0
9560 1
9561 1
9562 1
9563 0
9564 1
9565 1
9566 0
9567 1
9568 1
9569 1
9570 0
9571 0
9572 3
9573 0
9574 0
9575 0
9576 1
9577 0
9578 0
9579 2
9580 0
9581 1
9582 2
9583 2
9584 0
9585 0
9586 1
9587 1
9588 0
9589 1
9590 0
9591 1
9592 0
9593 0
9594 0
9595 2
9596 0
9597 0
9598 0
9599 1
9600 0
9601 0
9602 0
9603 2
9604 0
9605 1
9606 0
9607 0
9608 1
9609 1
9610 0
9611 0
9612 0
9613 0
9614 0
9615 2
9616 0
9617 1
9618 0
9619 2
9620 1
9621 0
9622 0
9623 0
9624 0
9625 0
9626 2
9627 3
9628 1
9629 0
9630 1
9631 0
9632 0
9633 1
9634 1
9635 0
9636 0
9637 0
9638 0
9639 0
9640 0
9641 0
9642 0
9643 0
9644 0
9645 0
9646 0
9647 0
9648 0
9649 1
9650 1
9651 1
9652 5
9653 2
9654 1
9655 2
9656 1
9657 0
9658 0
9659 0
9660 0
9661 4
9662 0
9663 0
9664 2
9665 1
9666 2
9667 0
9668 1
9669 0
9670 0
9671 1
9672 0
9673 0
9674 0
9675 1
9676 3
9677 1
9678 0
9679 0
9680 2
9681 1
9682 1
9683 0
9684 1
9685 1
9686 1
9687 1
9688 0
9689 1
9690 0
9691 0
9692 0
9693 1
9694 2
9695 4
9696 0
9697 3
9698 1
9699 0
9700 0
9701 0
9702 1
9703 0
9704 0
9705 1
9706 0
9707 0
9708 2
9709 0
9710 1
9711 1
9712 0
9713 1
9714 1
9715 0
9716 0
9717 0
9718 1
9719 0
9720 0
9721 1
9722 0
9723 0
9724 0
9725 0
9726 1
9727 1
9728 2
9729 3
9730 0
9731 0
9732 0
9733 0
9734 0
9735 2
9736 1
9737 1
9738 0
9739 0
9740 1
9741 1
9742 0
9743 1
9744 0
9745 0
9746 0
9747 2
9748 1
9749 1
9750 0
9751 3
9752 1
9753 0
9754 1
9755 3
9756 0
9757 1
9758 1
9759 0
9760 0
9761 4
9762 3
9763 1
9764 1
9765 0
9766 1
9767 1
9768 0
9769 0
9770 0
9771 1
9772 1
9773 0
9774 0
9775 1
9776 0
9777 0
9778 0
9779 2
9780 0
9781 1
9782 1
9783 1
9784 0
9785 0
9786 0
9787 0
9788 0
9789 1
9790 2
9791 0
9792 1
9793 0
9794 1
9795 1
9796 2
9797 1
9798 1
9799 1
9800 2
9801 0
9802 0
9803 3
9804 1
9805 0
9806 1
9807 0
9808 0
9809 1
9810 1
9811 1
9812 1
9813 1
9814 0
9815 2
9816 0
9817 0
9818 2
9819 1
9820 2
9821 3
9822 3
9823 0
9824 0
9825 2
9826 1
9827 1
9828 1
9829 1
9830 0
9831 0
9832 0
9833 1
9834 1
9835 0
9836 0
9837 0
9838 1
9839 0
9840 3
9841 2
9842 1
9843 3
9844 0
9845 0
9846 3
9847 1
9848 0
9849 1
9850 0
9851 0
9852 1
9853 2
9854 1
9855 2
9856 1
9857 0
9858 1
9859 2
9860 0
9861 0
9862 1
9863 1
9864 3
9865 2
9866 3
9867 0
9868 0
9869 3
9870 1
9871 1
9872 0
9873 2
9874 0
9875 2
9876 1
9877 1
9878 1
9879 0
9880 0
9881 1
9882 1
9883 0
9884 2
9885 0
9886 0
9887 0
9888 0
9889 0
9890 2
9891 1
9892 1
9893 0
9894 2
9895 1
9896 1
9897 2
9898 1
9899 0
9900 0
9901 1
9902 2
9903 2
9904 2
9905 1
9906 1
9907 1
9908 0
9909 0
9910 0
9911 2
9912 1
9913 1
9914 2
9915 0
9916 0
9917 1
9918 0
9919 0
9920 3
9921 0
9922 0
9923 1
9924 2
9925 1
9926 2
9927 0
9928 2
9929 1
9930 0
9931 0
9932 1
9933 1
9934 0
9935 0
9936 0
9937 3
9938 1
9939 0
9940 1
9941 1
9942 1
9943 0
9944 0
9945 0
9946 0
9947 0
9948 0
9949 1
9950 1
9951 0
9952 1
9953 1
9954 3
9955 0
9956 1
9957 1
9958 0
9959 1
9960 1
9961 0
9962 2
9963 1
9964 2
9965 0
9966 1
9967 1
9968 1
9969 1
9970 3
9971 0
9972 2
9973 0
9974 0
9975 0
9976 1
9977 1
9978 1
9979 1
9980 0
9981 1
9982 1
9983 0
9984 0
9985 0
9986 0
9987 2
9988 0
9989 1
9990 1
9991 0
9992 0
9993 1
9994 0
9995 0
9996 0
9997 0
9998 0
9999 0
10000 0
10001 1787
